0 1
0 6
0 21
0 130
0 165
0 484
0 19
0 109
0 4
0 162
0 884
0 818
0 146
0 416
0 1067
0 642
0 1018
0 870
0 765
0 1139
0 638
0 659
0 1163
0 1945
0 1266
0 1946
0 1928
1 19
1 37
1 89
1 100
1 72
1 9
1 158
1 537
1 123
1 572
1 28
1 32
1 226
2 3
2 385
2 75
2 431
2 359
2 620
2 573
2 63
2 581
2 488
2 1148
2 498
2 910
2 947
4 5
4 51
4 170
4 162
4 149
4 285
4 298
4 423
4 225
4 440
4 463
4 464
4 511
4 530
4 479
4 642
4 704
4 984
4 1015
4 416
4 1107
4 1127
4 1162
4 1184
4 974
4 676
4 1283
4 573
4 829
4 744
4 1348
4 419
4 1477
4 1491
4 1505
4 659
4 1958
4 1959
4 1960
4 1961
5 102
5 209
5 171
5 212
5 32
5 354
5 336
5 7
5 72
5 226
5 158
6 19
6 100
6 37
6 89
6 502
6 311
6 212
6 171
6 32
6 158
6 354
7 8
7 125
7 134
7 188
7 297
7 355
7 633
7 871
7 691
7 939
7 167
7 189
7 10
7 333
7 1126
7 292
7 632
7 65
7 466
7 835
7 1378
7 368
7 1541
7 1096
7 1353
7 435
7 604
7 1293
7 258
7 259
7 652
7 1066
7 431
7 485
7 1061
7 579
7 121
7 908
7 1198
7 1371
7 1263
7 482
7 616
7 322
7 1141
7 949
7 222
7 1419
7 1094
7 498
7 1439
7 1792
7 349
7 566
7 931
7 123
7 944
7 1727
7 705
7 793
7 151
7 1207
7 1827
7 550
7 910
7 286
7 838
7 787
7 1427
7 1025
7 1860
7 1632
7 1539
7 1214
7 798
7 241
7 128
7 1837
7 1210
7 1459
7 1938
7 1132
7 631
7 1372
7 1223
7 501
7 1231
7 1104
7 687
7 1456
7 970
7 807
7 1463
7 879
7 513
7 1939
7 1940
7 475
7 974
7 1830
7 1814
7 48
7 1526
7 1147
7 1160
7 1217
7 1368
7 1454
7 1806
8 49
8 32
8 212
8 94
8 494
8 136
8 171
8 283
8 150
8 770
8 253
8 358
8 89
8 354
8 226
8 238
8 128
8 72
9 10
9 22
9 25
9 36
9 41
9 54
9 98
9 108
9 111
9 114
9 182
9 192
9 160
9 208
9 236
9 240
9 250
9 265
9 284
9 312
9 148
9 342
9 369
9 186
9 113
9 296
9 407
9 420
9 140
9 459
9 587
9 598
9 176
9 352
9 830
9 196
9 364
9 850
9 911
9 1036
9 1044
9 437
9 1105
9 1112
9 450
9 556
9 1188
9 965
9 1203
9 648
9 983
9 1172
9 390
9 1297
9 424
9 1118
9 1379
9 1388
9 1398
9 529
9 1200
9 1421
9 1424
9 1438
9 433
9 206
9 143
9 260
9 647
9 477
9 832
9 1551
9 1149
9 590
9 1566
9 1579
9 1580
9 843
9 1600
9 1613
9 37
9 1635
9 1648
9 562
9 385
9 1046
9 1674
9 1696
9 1699
9 1701
9 837
9 1718
9 1045
9 226
9 106
9 1540
9 1744
9 1755
9 1430
9 1269
9 1403
9 1769
9 1677
9 1226
9 1308
9 1781
9 24
9 199
9 1795
9 521
9 465
9 1138
9 440
9 1809
9 1298
9 912
9 1707
9 1629
9 1829
9 901
9 1835
9 120
9 1843
9 232
9 635
9 1852
9 1854
9 1855
9 785
9 1282
9 1492
9 1863
9 1865
9 1052
9 654
9 1671
9 2224
9 2225
9 2226
9 1248
9 2227
9 1132
9 1642
9 228
9 2228
9 1608
9 2229
9 1280
9 2230
9 2231
9 955
9 2232
9 2233
9 622
9 2234
9 1592
9 1436
9 1487
9 594
9 472
9 48
9 109
9 2235
9 1093
9 2236
9 878
9 772
9 21
9 2237
9 1466
9 2238
10 28
10 79
10 133
10 678
10 204
10 123
10 494
10 876
10 32
10 158
11 12
11 452
11 359
11 1272
11 1096
11 559
11 1342
11 1443
11 1496
11 824
11 691
11 1465
12 29
13 14
13 97
13 116
13 121
13 135
13 138
13 179
13 374
13 426
13 756
13 71
13 204
13 539
13 591
13 32
13 45
13 136
13 76
13 83
13 128
13 158
13 1545
13 354
15 16
15 20
15 31
15 58
15 115
15 393
15 399
15 219
15 752
15 804
15 985
15 1002
15 902
15 1083
15 1090
15 1106
15 303
15 1176
15 540
15 1227
15 1471
15 1267
15 1796
16 94
16 200
16 49
16 136
16 283
16 238
16 89
16 572
16 499
17 18
17 157
17 351
17 91
17 1038
17 862
17 1099
18 147
19 21
19 165
19 694
19 212
19 879
19 48
21 37
21 49
21 100
21 89
21 283
21 590
21 94
21 28
21 158
22 28
22 37
22 302
22 70
23 24
23 48
23 184
23 106
23 249
23 198
23 638
23 118
23 490
23 67
23 751
23 1097
23 1109
23 1108
23 1230
23 121
23 1274
23 1323
23 1327
23 1370
23 1214
23 1402
23 1452
23 1179
23 1799
23 2146
23 2147
23 2148
23 957
23 1467
24 725
24 502
24 494
24 37
24 634
25 28
25 133
25 79
25 50
26 27
26 61
26 81
26 101
26 105
26 42
26 139
26 144
26 156
26 328
26 348
26 55
26 38
26 78
26 513
26 706
26 47
26 218
26 412
27 30
27 47
27 55
27 144
27 72
27 150
27 136
27 876
27 354
27 128
27 32
28 41
28 113
28 140
28 148
28 160
28 54
28 98
28 260
28 208
28 296
28 108
28 114
28 437
28 450
28 236
28 312
28 647
28 648
28 36
28 689
28 830
28 955
28 207
28 529
28 589
28 240
28 1172
28 1203
28 369
28 1269
28 1280
28 1118
28 265
28 1000
28 1379
28 590
28 1112
28 407
28 1403
28 1046
28 965
28 1149
28 1466
28 37
28 1045
28 712
28 1487
28 424
28 959
28 1188
28 587
28 1540
28 1558
28 1562
28 192
28 1578
28 1592
28 472
28 1629
28 1642
28 1655
28 1663
28 1671
28 1677
28 1687
28 1694
28 1248
28 1707
28 1711
28 385
28 284
29 920
30 38
30 42
30 78
30 156
30 61
30 47
30 101
30 144
30 218
30 81
30 328
30 348
30 513
30 786
30 925
30 797
30 412
30 1032
30 123
30 1142
30 1169
30 996
30 1088
30 1163
30 1262
30 504
30 336
30 50
30 1545
30 128
30 72
30 354
32 33
32 73
32 211
32 264
32 322
32 458
32 440
32 292
32 193
32 164
32 675
32 244
32 1128
32 1088
32 1048
32 1211
32 579
32 1293
32 259
32 753
32 511
32 1384
32 1427
32 693
32 486
32 210
32 386
32 42
32 900
32 418
32 1113
32 1034
32 652
32 1242
32 1222
32 1126
32 977
32 266
32 692
32 471
32 871
32 599
32 1029
32 1191
32 1304
32 825
32 399
32 627
32 505
32 1248
32 890
32 1366
32 1209
32 349
32 121
32 601
32 51
32 1372
32 1208
32 1819
32 1292
32 676
32 500
32 501
32 1839
32 1851
32 1339
32 1859
32 421
32 106
32 1277
32 419
32 1514
32 971
32 1837
32 589
32 1681
32 992
32 1210
32 1813
32 2011
32 1720
32 2012
32 1879
32 254
32 1025
32 522
32 849
32 2013
32 2014
32 2015
32 1570
32 1884
32 2016
32 1632
32 1766
32 2017
32 2018
32 1834
32 1207
32 2019
32 483
32 824
32 2020
32 365
32 434
32 1858
32 1771
32 444
32 681
32 2021
32 1187
32 563
32 1888
32 267
32 1125
32 198
32 1132
32 2022
32 2023
32 281
32 730
32 2024
32 163
32 1522
32 285
32 2025
32 2026
32 1478
32 2027
32 2028
32 1845
32 1893
32 498
32 2029
32 1131
32 1195
32 225
32 1410
32 95
32 2030
32 2031
32 2032
32 1349
32 1439
32 1560
32 836
32 628
32 1775
32 370
32 969
32 2033
32 1198
32 700
32 294
32 1546
32 2034
32 2035
32 1808
32 2036
32 1063
32 1815
32 2037
32 1710
32 894
32 1763
32 1419
32 1784
32 595
32 1245
32 2038
32 1841
32 1013
32 733
32 1683
32 1726
32 2039
32 2040
32 687
32 2041
32 2042
32 1583
32 1768
32 1076
32 1690
32 1465
32 1109
32 47
32 1779
32 1680
32 1387
32 1301
32 438
32 1346
32 2043
32 129
32 964
32 879
32 1499
32 1860
32 448
32 2044
32 1746
32 1818
32 677
32 154
32 1645
32 1507
32 512
32 143
32 1032
32 1169
32 673
32 865
32 1568
32 1911
32 218
32 144
32 412
32 38
32 328
32 61
32 348
32 2045
32 997
32 2046
32 2047
32 1630
32 1464
32 378
32 1912
32 2048
32 1251
32 1178
32 1576
32 2049
32 1745
32 792
32 1322
32 315
32 540
32 514
32 839
32 793
32 539
32 637
32 506
32 1559
32 96
32 1268
32 1325
32 1830
32 1913
32 2050
32 1857
32 2051
32 1066
32 48
32 1080
32 1915
32 1054
32 1096
32 2052
32 1916
32 1122
32 1526
32 1394
32 1214
32 694
32 1776
32 1147
32 2053
32 1217
32 1406
32 217
32 666
32 1368
32 632
32 1355
32 1856
32 2054
32 425
32 2055
32 2056
32 2057
32 533
32 2058
32 2059
32 2060
32 2061
32 1111
32 213
32 1360
32 2062
32 415
32 122
32 43
32 338
32 1462
32 1767
32 84
32 1778
32 678
32 941
32 559
32 1804
32 297
33 217
33 780
34 35
34 65
34 691
34 903
34 907
34 2157
35 263
35 572
36 302
37 80
37 75
37 107
37 120
37 176
37 186
37 207
37 228
37 274
37 251
37 299
37 48
37 387
37 395
37 424
37 432
37 433
37 436
37 465
37 477
37 543
37 596
37 130
37 165
37 660
37 681
37 713
37 771
37 772
37 811
37 837
37 866
37 386
37 927
37 937
37 146
37 950
37 109
37 843
37 1018
37 990
37 1064
37 1072
37 1146
37 1152
37 71
37 1178
37 1194
37 997
37 1229
37 966
37 1264
37 133
37 1326
37 1344
37 1354
37 1068
37 1409
37 1424
37 1425
37 184
37 1436
37 912
37 929
37 1473
37 173
37 1492
37 901
37 754
37 1512
37 694
37 1524
37 1553
37 161
37 1591
37 1599
37 1608
37 1463
37 1067
37 1625
37 1015
37 1668
37 1669
37 1698
37 1239
37 1704
37 1705
37 1721
37 1722
37 1729
37 1730
37 964
37 1932
37 2139
37 2140
38 47
38 55
38 204
38 1665
38 504
38 354
39 40
39 305
39 845
40 345
40 72
40 354
41 79
42 47
42 55
42 144
42 128
42 253
42 876
42 494
42 171
42 158
42 245
42 1545
43 44
43 96
43 205
43 568
43 722
43 671
43 122
43 167
43 50
44 171
44 131
44 128
44 158
44 354
45 46
45 415
45 152
45 603
45 810
45 62
45 953
45 1151
45 1198
45 1206
45 890
46 472
46 1276
46 136
47 78
47 61
47 101
47 218
47 156
47 81
47 513
47 55
47 328
47 348
47 412
47 144
47 900
47 924
47 1086
47 786
47 1278
47 230
47 1169
47 621
47 537
47 865
47 1374
47 1238
47 1375
47 1032
47 925
47 533
47 813
47 977
47 602
47 1493
47 399
47 496
47 499
47 358
47 354
47 128
47 50
47 1295
47 72
47 158
47 1545
48 109
48 502
48 56
48 74
48 200
48 1102
48 133
48 725
49 222
49 259
49 311
49 438
49 355
49 501
49 531
49 550
49 563
49 189
49 625
49 652
49 777
49 793
49 719
49 333
49 881
49 267
49 1101
49 498
49 359
49 1168
49 928
49 1094
49 119
49 511
49 431
49 798
49 396
49 616
49 863
49 1132
49 787
49 1207
49 1320
49 488
49 1460
49 530
49 1270
49 678
49 549
49 1542
49 1182
49 1263
49 1171
49 1155
49 1517
49 571
49 1353
49 1031
49 1124
49 1080
49 941
49 1712
49 201
49 1583
49 1386
49 1148
49 1432
49 485
49 570
49 826
49 1214
49 1316
49 1292
49 721
49 1788
49 944
49 258
49 1801
49 1802
49 1532
49 835
49 903
49 885
49 1232
49 1824
49 1826
49 594
49 1831
49 1833
49 643
49 1847
49 1850
49 1298
49 295
49 1523
49 1870
49 1047
49 1989
50 51
50 149
50 225
50 270
50 285
50 286
50 457
50 539
50 601
50 399
50 664
50 753
50 298
50 692
50 435
50 696
50 969
50 974
50 297
50 1054
50 977
50 463
50 1068
50 1113
50 630
50 1223
50 1233
50 249
50 1245
50 874
50 1277
50 627
50 1290
50 708
50 1360
50 1335
50 637
50 815
50 1301
50 121
50 506
50 838
50 1371
50 1088
50 106
50 244
50 1087
50 1078
50 638
50 1024
50 1533
50 839
50 1191
50 1304
50 448
50 1147
50 1459
50 890
50 575
50 1564
50 1570
50 971
50 1595
50 599
50 526
50 1322
50 415
50 514
50 1292
50 1125
50 675
50 807
50 1727
50 1023
50 1387
50 1209
50 1160
50 281
50 1683
50 961
50 1025
50 1268
50 163
50 1111
50 434
50 1368
50 1442
50 1018
50 1804
50 1254
50 540
50 1478
50 441
50 1217
50 432
50 422
50 467
50 1844
50 1720
50 1257
50 879
50 1251
50 1866
50 483
50 1141
50 910
50 997
50 1665
50 1985
50 1837
50 1986
50 1877
50 300
50 1374
50 586
50 824
50 1029
50 365
50 1858
50 1964
50 1864
50 1987
50 1561
50 419
50 1988
50 1989
50 1170
50 1990
50 1991
50 1183
50 1992
50 1993
50 779
50 1994
50 1763
50 595
50 995
50 1465
50 764
50 296
50 1995
50 677
50 900
50 925
50 1169
50 865
50 1278
50 985
50 1996
50 792
50 981
50 1761
50 1096
50 386
50 1355
50 1997
50 676
50 214
50 1998
50 1999
50 1778
51 149
51 286
51 298
51 435
51 270
51 209
51 463
51 225
51 285
51 72
51 253
51 56
52 53
52 82
52 255
52 368
52 79
52 615
52 679
52 698
52 840
52 431
52 809
52 222
52 430
52 251
54 79
55 78
55 81
55 144
55 101
55 219
55 61
55 156
55 218
55 348
55 394
55 412
55 657
55 786
55 628
56 57
56 310
56 388
56 783
56 945
56 1066
56 1089
56 780
56 1058
56 726
56 1079
56 742
56 1010
56 1108
56 365
56 1567
56 839
56 286
56 352
56 635
56 694
56 1656
56 639
56 938
56 1063
56 628
56 974
56 390
56 1751
56 702
56 1399
56 975
56 1210
56 922
56 862
56 646
56 1787
56 1797
56 264
56 1807
56 760
56 1816
57 158
57 593
57 76
57 74
57 622
57 77
57 118
57 1276
57 1390
59 60
59 194
59 880
59 702
61 94
61 202
61 150
61 200
61 174
61 504
61 128
61 1665
62 63
62 602
62 641
62 203
62 572
62 909
62 152
63 77
63 266
63 283
63 94
63 311
63 572
63 91
63 89
63 200
63 72
64 65
64 646
64 767
64 782
65 468
65 219
65 261
65 128
65 158
65 766
65 167
65 72
65 354
66 67
66 106
66 193
66 315
66 514
66 509
66 121
66 594
66 540
66 708
66 510
66 747
66 792
66 839
66 961
66 198
66 981
66 993
66 1033
66 683
66 1092
66 1145
66 1177
66 1239
66 992
66 1340
66 490
66 1418
66 2124
66 1310
66 2125
66 558
66 2126
66 2127
66 2128
66 1144
66 2129
66 2130
67 121
67 1968
67 1331
68 69
68 141
68 696
68 2099
68 1928
68 1467
69 147
69 377
69 753
70 71
70 399
70 315
70 506
70 540
70 627
70 637
70 708
70 839
70 683
70 594
70 1024
70 692
70 432
70 623
70 993
70 982
70 1144
70 539
70 1322
70 1217
70 1078
70 628
70 981
70 1412
70 106
70 514
70 617
70 894
70 961
70 792
70 501
70 1572
70 1340
70 1616
70 959
70 2063
70 2067
70 1266
72 73
72 127
72 126
72 166
72 282
72 264
72 244
72 164
72 564
72 458
72 527
72 676
72 762
72 129
72 652
72 632
72 944
72 604
72 346
72 590
72 997
72 620
72 1029
72 678
72 480
72 969
72 358
72 559
72 123
72 764
72 1213
72 505
72 1032
72 359
72 1096
72 512
72 599
72 1319
72 1202
72 970
72 1394
72 1304
72 92
72 333
72 1395
72 1387
72 1113
72 1108
72 1277
72 285
72 500
72 753
72 579
72 425
72 1148
72 419
72 825
72 315
72 1672
72 1690
72 1297
72 1697
72 946
72 421
72 163
72 705
72 1478
72 1439
72 687
72 838
72 1459
72 1766
72 824
72 438
72 1790
72 1791
72 1475
72 1763
72 435
72 198
72 1798
72 1109
72 1025
72 1360
72 1268
72 1191
72 1088
72 513
72 865
72 1427
72 1595
72 104
72 467
72 1368
72 1856
72 565
72 1474
72 1245
72 1864
72 1627
72 2070
72 2071
72 1321
72 1450
72 664
72 1023
72 254
72 145
72 1883
72 849
72 2013
72 1770
72 443
72 2018
72 1393
72 91
72 434
72 2072
72 2073
72 2074
72 2075
72 1018
72 2021
72 1539
72 538
72 124
72 1887
72 563
72 1561
72 1890
72 1891
72 2076
72 382
72 1522
72 298
72 270
72 1762
72 1209
72 1893
72 1894
72 1713
72 2077
72 1061
72 2078
72 2079
72 2080
72 2032
72 2081
72 1198
72 1793
72 1444
72 167
72 779
72 2035
72 1695
72 1106
72 2082
72 368
72 1833
72 1037
72 2083
72 1841
72 1557
72 949
72 252
72 797
72 349
72 1768
72 1076
72 1141
72 1465
72 1502
72 1463
72 1301
72 1346
72 879
72 448
72 418
72 925
72 1169
72 328
72 2084
72 2085
72 1630
72 1912
72 1251
72 1510
72 266
72 1760
72 2086
72 594
72 982
72 627
72 399
72 1831
72 1559
72 1830
72 2050
72 1814
72 531
72 1080
72 1916
72 694
72 1776
72 1147
72 2087
72 1812
72 1517
72 977
72 1355
72 2055
72 2056
72 2088
72 1921
72 2089
72 2090
72 122
72 338
72 84
72 1442
72 1804
72 1150
72 293
73 253
73 1295
73 158
74 75
74 112
74 251
74 386
74 574
74 670
74 769
74 929
74 294
74 990
74 638
74 292
74 1073
74 1305
74 1010
74 1444
74 1078
74 1458
74 600
74 1132
74 1066
74 511
74 1543
74 322
74 2003
74 2004
74 2005
74 2006
75 173
75 77
75 200
75 89
75 100
75 502
75 91
75 397
75 150
75 94
75 311
76 77
76 475
76 536
76 833
76 1135
76 1068
76 638
76 593
76 1172
76 1929
77 117
77 310
77 498
77 511
77 935
77 222
77 536
77 1016
77 945
77 947
77 294
77 549
77 582
77 638
77 109
77 620
77 818
77 1148
77 1068
77 1238
77 1103
77 875
77 485
77 593
77 886
77 700
77 396
77 431
77 1199
77 1343
77 201
77 246
77 673
77 595
77 765
77 833
77 1066
77 1320
77 621
77 760
77 1307
77 1450
77 745
77 813
77 146
77 1135
77 1062
77 1012
77 928
77 1394
78 144
78 612
79 148
79 364
79 98
79 284
79 160
79 208
79 312
79 588
79 407
79 661
79 668
79 140
79 182
79 420
79 842
79 850
79 236
79 199
79 912
79 113
79 965
79 972
79 114
79 983
79 260
79 176
79 1000
79 450
79 622
79 1045
79 1058
79 830
79 1082
79 1093
79 648
79 1116
79 465
79 1138
79 1149
79 587
79 265
79 594
79 385
79 1226
79 590
79 654
79 1229
81 144
81 354
82 255
83 84
83 95
83 162
83 1160
83 1048
83 1008
83 1176
83 164
83 673
83 886
83 910
83 416
83 1606
83 996
83 1456
83 1010
83 969
83 210
83 1012
83 928
83 1258
83 1183
83 1061
83 1366
83 1618
83 485
83 1553
83 641
83 631
83 1792
83 435
83 922
83 892
83 1031
83 765
83 1861
83 879
83 925
83 1062
83 365
83 654
83 1161
83 286
83 1108
83 1371
83 760
83 700
83 2168
83 595
83 2169
83 2084
83 839
83 1314
84 99
84 245
84 301
84 400
84 473
84 816
84 1295
85 86
85 375
85 643
86 183
86 266
87 88
87 582
87 525
89 117
89 233
89 246
89 252
89 276
89 359
89 367
89 431
89 498
89 95
89 754
89 785
89 181
89 1040
89 1047
89 1055
89 107
89 1122
89 423
89 370
89 863
89 267
89 368
89 1315
89 538
89 620
89 835
89 813
89 1385
89 1148
89 1351
89 1400
89 1404
89 1435
89 1446
89 1126
89 873
89 1168
89 600
89 1467
89 1475
89 1482
89 360
89 188
89 1506
89 1526
89 1394
89 1528
89 1231
89 1150
89 490
89 947
89 1593
89 1598
89 1432
89 549
89 533
89 396
89 1344
89 1250
89 1653
89 1657
89 251
89 621
89 125
89 165
89 1279
89 1714
89 222
89 1723
89 1728
89 1735
89 1534
89 976
89 991
89 355
89 550
89 145
89 1756
89 1044
89 1453
89 1271
89 1773
89 1774
89 1441
89 558
89 1450
89 1785
89 834
89 1217
89 1431
89 840
89 1805
89 201
89 1736
89 1312
89 1810
89 1575
89 743
89 259
89 1825
89 1828
89 1832
89 1248
89 1836
89 1838
89 1840
89 1846
89 2097
90 91
90 237
90 1073
91 365
91 403
91 434
91 345
91 174
91 538
91 1140
91 1106
91 991
91 1236
91 1319
91 117
91 1148
91 1187
91 554
91 1520
91 1347
92 93
92 126
92 439
92 862
92 760
92 123
92 1382
93 123
93 257
93 242
93 439
93 124
93 646
93 1382
94 95
94 259
94 188
94 203
94 224
94 482
94 485
94 498
94 201
94 117
94 616
94 222
94 396
94 787
94 230
94 798
94 834
94 835
94 507
94 818
94 533
94 949
94 881
94 976
94 501
94 295
94 641
94 1158
94 1201
94 1228
94 368
94 1263
94 903
94 333
94 1094
94 327
94 531
94 1316
94 1317
94 119
94 145
94 585
94 1155
94 1173
94 530
94 545
94 355
94 894
94 1386
94 654
94 251
94 691
94 1387
94 1176
94 1405
94 928
94 1012
94 1432
94 1433
94 573
94 1441
94 888
94 438
94 1330
94 863
94 910
94 1231
94 488
94 1498
94 1501
94 1351
94 1101
94 431
94 1460
94 423
94 1270
94 1575
94 1124
94 511
94 1583
94 1587
94 192
94 602
94 413
94 386
94 359
94 1715
94 1031
94 1733
94 1309
94 330
94 853
94 1469
94 795
94 1141
94 873
94 1406
94 1585
94 124
94 2132
94 267
95 326
95 202
95 212
95 200
95 770
95 311
95 136
95 537
95 283
95 238
95 158
95 354
96 122
96 376
96 671
96 568
96 856
96 661
96 895
96 354
97 571
97 212
97 910
97 483
97 745
97 673
97 144
100 146
100 134
100 799
100 867
100 868
100 1042
100 165
101 144
101 388
101 494
101 128
101 1665
101 1545
101 354
102 267
102 444
102 521
102 539
102 672
102 759
102 848
102 982
102 359
102 1019
102 266
102 1024
102 1148
102 627
102 1196
102 351
102 868
102 1256
102 538
102 533
102 991
102 870
102 498
102 692
102 594
102 303
102 1399
102 617
102 526
102 903
102 485
102 1322
102 295
102 2165
102 2096
102 341
102 1923
103 104
103 163
103 419
104 128
104 354
104 226
104 253
104 123
104 494
104 499
106 293
106 197
106 167
106 860
106 261
106 499
106 876
106 388
106 158
106 1638
106 128
108 133
109 110
109 187
109 210
109 353
109 162
109 566
109 294
109 370
109 436
109 666
109 511
109 751
109 788
109 826
109 827
109 857
109 886
109 901
109 902
109 938
109 642
109 638
109 440
109 871
109 1195
109 829
109 639
109 1108
109 1310
109 1932
109 1874
110 572
112 208
112 390
112 425
112 757
112 365
112 294
112 1159
112 574
112 886
112 694
112 511
112 238
112 713
112 1119
112 1343
112 1066
112 1520
112 315
112 479
112 627
112 642
112 2149
112 2150
112 1310
112 712
112 2151
112 1941
112 2152
112 1394
116 129
116 559
116 1451
116 637
116 164
116 1518
116 540
116 1538
116 676
116 886
116 627
116 1661
116 1144
116 1217
116 1384
116 1299
116 1570
116 900
116 1322
116 705
116 1126
116 149
116 483
116 1775
116 167
116 501
116 1796
116 727
116 1453
116 1842
116 1210
116 2106
116 2107
116 117
116 2108
116 2109
116 1990
116 1327
116 661
116 2110
116 1246
116 1222
116 2111
116 2112
116 2113
116 135
117 551
117 770
117 534
117 311
117 1380
118 119
118 517
118 571
118 605
118 703
118 146
118 1059
118 791
118 520
118 1359
118 839
118 1103
118 310
118 1500
118 1063
118 375
118 158
118 1950
118 1452
119 537
119 283
121 179
121 138
121 374
121 551
121 855
121 128
121 814
121 167
121 876
121 1665
121 2142
121 1166
121 2143
121 1663
121 354
122 128
122 354
123 124
123 177
123 217
123 528
123 129
123 630
123 673
123 688
123 723
123 421
123 216
123 526
123 849
123 295
123 859
123 815
123 652
123 865
123 235
123 946
123 963
123 845
123 977
123 760
123 1020
123 1035
123 425
123 1043
123 628
123 1098
123 632
123 1111
123 696
123 1143
123 1113
123 753
123 1186
123 1187
123 1137
123 692
123 322
123 1215
123 1221
123 1225
123 1257
123 1245
123 418
123 1267
123 1268
123 1209
123 1301
123 1319
123 210
123 807
123 315
123 1336
123 267
123 359
123 595
123 1393
123 1395
123 193
123 1066
123 691
123 969
123 1025
123 1440
123 559
123 1322
123 700
123 1465
123 1462
123 1483
123 483
123 434
123 463
123 1277
123 512
123 1499
123 563
123 292
123 579
123 890
123 1125
123 254
123 506
123 1542
123 1550
123 629
123 471
123 1132
123 1092
123 1371
123 1034
123 1607
123 971
123 733
123 1086
123 1147
123 1533
123 1627
123 1637
123 981
123 1640
123 1454
123 1213
123 836
123 1650
123 1119
123 599
123 349
123 1659
123 162
123 1681
123 1683
123 1018
123 1686
123 1691
123 1692
123 1632
123 1693
123 1700
123 1251
123 1710
123 550
123 1574
123 485
123 1406
123 378
123 1737
123 448
123 1532
123 1355
123 1746
123 1747
123 1748
123 1754
123 1255
123 675
123 1311
123 1760
123 1191
123 1526
123 1224
123 1570
123 605
123 1771
123 1767
123 992
123 1778
123 163
123 358
123 1292
123 1439
123 1783
123 1109
123 1214
123 1169
123 1793
123 1803
123 1806
123 900
123 1131
123 1217
123 961
123 759
123 1815
123 1300
123 1818
123 1820
123 1369
123 637
123 1834
123 1254
123 1841
123 892
123 1776
123 1666
123 338
123 1857
123 879
123 1643
123 1557
123 1198
123 1869
123 1873
123 1862
123 1837
123 2212
123 2213
123 1720
123 2214
123 2215
123 2216
123 2217
123 2218
123 1969
123 2219
123 2220
123 1797
123 889
123 486
123 2111
123 792
123 575
123 194
123 2208
124 162
124 416
124 253
124 439
124 829
124 460
124 922
124 1022
124 642
124 1108
124 875
124 504
124 212
125 494
126 127
126 166
126 244
126 346
126 282
126 406
126 480
126 500
126 781
126 882
126 639
126 558
126 1132
126 1170
126 1171
126 438
126 1202
126 1234
126 666
126 1124
126 638
126 1168
126 2155
128 129
128 164
128 467
128 599
128 559
128 632
128 675
128 764
128 1126
128 1222
128 1339
128 1248
128 163
128 1211
128 1410
128 1025
128 1191
128 511
128 977
128 631
128 538
128 1395
128 1531
128 1384
128 322
128 865
128 1293
128 419
128 1113
128 1439
128 1141
128 1630
128 944
128 1664
128 1213
128 1684
128 1029
128 501
128 1124
128 1672
128 946
128 673
128 793
128 1745
128 1763
128 440
128 652
128 1088
128 1387
128 1782
128 368
128 298
128 807
128 838
128 526
128 1292
128 1808
128 418
128 815
128 1208
128 315
128 705
128 1830
128 970
128 1849
128 500
128 753
128 1110
128 333
128 1119
128 434
128 1539
128 1876
128 971
128 1239
128 1571
128 1210
128 1877
128 664
128 1878
128 300
128 1879
128 1880
128 254
128 1881
128 1882
128 1883
128 1459
128 571
128 175
128 893
128 1500
128 1884
128 1632
128 1766
128 1789
128 1783
128 483
128 824
128 1885
128 1688
128 1858
128 1427
128 1318
128 549
128 169
128 681
128 1886
128 1186
128 1887
128 563
128 1888
128 1125
128 198
128 1889
128 1372
128 1031
128 303
128 1468
128 1890
128 1891
128 730
128 601
128 435
128 270
128 285
128 693
128 1762
128 1892
128 1893
128 1894
128 663
128 1281
128 1895
128 1896
128 1897
128 1078
128 1154
128 1898
128 1899
128 1819
128 1700
128 1900
128 1640
128 836
128 969
128 1198
128 700
128 294
128 779
128 1901
128 451
128 1567
128 1815
128 1311
128 505
128 1246
128 1902
128 1903
128 1408
128 620
128 1791
128 359
128 1574
128 595
128 1904
128 848
128 604
128 733
128 1683
128 1726
128 687
128 1905
128 349
128 1768
128 1076
128 1690
128 1319
128 1906
128 1907
128 1301
128 438
128 641
128 1908
128 1550
128 1860
128 1909
128 448
128 1910
128 512
128 1032
128 1169
128 1568
128 1911
128 412
128 786
128 997
128 471
128 1627
128 1912
128 486
128 1820
128 1251
128 1178
128 985
128 1576
128 314
128 1760
128 696
128 982
128 981
128 514
128 1092
128 627
128 1383
128 692
128 1559
128 466
128 1748
128 1268
128 1325
128 1913
128 1814
128 1914
128 531
128 890
128 1080
128 1915
128 1054
128 1096
128 643
128 1175
128 1916
128 835
128 1214
128 694
128 1776
128 1147
128 1160
128 1217
128 1917
128 1868
128 1406
128 426
128 1862
128 386
128 1918
128 666
128 1792
128 1355
128 1919
128 1856
128 1454
128 425
128 439
128 1920
128 676
128 1921
128 1111
128 1922
128 1923
128 1360
128 565
128 415
128 1643
128 1806
128 1474
128 241
128 1924
128 1925
128 678
128 941
128 1737
129 354
129 253
129 494
129 226
129 499
129 266
129 358
129 876
131 132
131 189
131 258
131 333
131 418
131 445
131 818
131 590
131 444
131 526
131 1324
131 1423
131 1448
131 149
131 545
131 1479
131 759
131 1086
131 886
131 742
131 1532
131 1300
131 1619
131 1119
131 1322
131 310
131 1104
131 910
131 1183
131 1741
131 1757
131 585
133 148
133 208
133 260
133 589
133 590
133 160
133 407
133 312
133 843
133 232
133 140
133 1046
133 236
133 965
133 284
133 1200
133 1204
133 540
133 955
133 886
133 871
133 1282
133 1308
133 765
133 433
133 1337
133 780
133 1928
133 1796
133 749
134 204
134 311
134 202
134 1039
134 770
134 154
134 238
134 171
134 283
134 354
134 266
135 241
135 870
135 485
135 1031
135 2006
136 137
136 199
136 360
136 267
136 644
136 538
136 359
136 933
136 303
136 643
136 431
136 259
136 545
136 498
136 1199
136 1218
136 662
136 573
136 365
136 222
136 873
136 585
136 1334
136 1094
136 1357
136 1124
136 621
136 835
136 991
136 1413
136 1431
136 1284
136 784
136 1266
136 1928
136 1466
137 171
142 143
142 206
142 443
142 606
143 311
143 197
144 156
144 218
144 764
144 602
144 847
144 348
144 1192
144 161
144 226
144 158
144 556
144 354
145 146
145 567
145 978
145 891
145 294
145 266
145 572
145 1936
146 268
146 685
146 650
146 629
146 651
147 152
147 643
147 617
147 399
149 426
149 1295
149 504
150 151
150 169
150 213
150 347
150 267
150 621
150 964
150 682
150 999
150 295
150 646
150 554
150 604
150 1115
150 654
150 1133
150 164
150 910
150 573
150 879
150 813
150 1010
150 1241
150 368
150 396
150 1258
150 1242
150 636
150 490
150 305
150 1285
150 538
150 1292
150 673
150 539
150 903
150 1341
150 620
150 1346
150 1350
150 1356
150 949
150 355
150 928
150 1372
150 996
150 1126
150 1416
150 1434
150 2221
150 2222
150 2223
152 153
152 366
152 377
152 552
152 210
152 238
154 155
154 256
154 279
154 519
154 244
154 500
154 1017
154 1165
154 554
154 935
154 1307
154 588
154 1363
154 1377
154 558
154 2114
154 2067
156 847
156 504
156 158
158 159
158 559
158 292
158 1081
158 620
158 458
158 1011
158 1222
158 210
158 1213
158 606
158 1109
158 1126
158 1680
158 1570
158 1320
158 1066
158 969
158 359
158 286
158 890
158 1248
158 753
158 440
158 595
158 693
158 1010
158 1048
158 1736
158 970
158 1257
158 1209
158 1439
158 1096
158 2115
158 1514
158 1970
158 1837
158 922
158 1586
158 1023
158 2116
158 1650
158 168
158 2117
158 824
158 1029
158 365
158 1688
158 1148
158 1771
158 563
158 251
158 198
158 511
158 2118
158 1475
158 1191
158 163
158 601
158 463
158 298
158 1751
158 1068
158 1478
158 638
158 1845
158 1893
158 646
158 249
158 1108
158 1073
158 2119
158 815
158 225
158 1371
158 1819
158 838
158 1700
158 1349
158 1384
158 1991
158 1079
158 1198
158 1062
158 167
158 2120
158 1815
158 1419
158 1037
158 1245
158 1557
158 733
158 807
158 1690
158 431
158 2121
158 1141
158 1465
158 1208
158 1502
158 1100
158 2043
158 879
158 944
158 1550
158 1860
158 1818
158 1684
158 512
158 1169
158 1088
158 865
158 328
158 2122
158 594
158 540
158 747
158 839
158 692
158 1559
158 951
158 795
158 1054
158 1314
158 1211
158 1217
158 910
158 1366
158 386
158 666
158 632
158 1454
158 1360
158 1806
158 1254
158 1462
158 517
158 1442
158 1474
158 1750
158 1778
158 2123
159 318
161 162
161 416
161 524
161 682
161 642
161 829
161 875
161 772
161 887
161 627
161 1108
161 1210
161 1928
161 1923
161 2208
162 496
162 171
162 1665
162 336
162 388
163 496
163 876
163 167
163 504
163 1665
163 354
164 234
164 354
164 499
164 253
164 876
165 283
167 168
167 475
167 397
167 750
167 959
167 970
167 1069
167 1078
167 683
167 297
167 1120
167 1137
167 1141
167 764
167 1273
167 1371
167 637
167 197
167 1459
167 244
167 565
167 1096
167 1054
167 1539
167 1368
167 1208
167 1442
167 322
167 485
167 865
167 1666
167 286
167 1025
167 1683
167 463
167 512
167 815
167 1632
167 435
167 1700
167 1454
167 678
167 1720
167 807
167 1277
167 1559
167 1533
167 1690
167 1522
167 705
167 1124
167 1029
167 879
167 912
167 1837
167 1814
167 1845
167 673
167 333
167 504
167 1858
167 500
167 676
167 1570
167 894
167 2063
167 1520
167 1266
167 2064
167 476
169 347
170 209
171 172
171 344
171 518
171 726
171 559
171 534
171 678
171 1361
171 1366
171 1322
171 652
171 1449
171 944
171 1032
171 1439
171 599
171 1113
171 1507
171 1522
171 969
171 839
171 566
171 1555
171 687
171 793
171 1647
171 1607
171 1029
171 1191
171 1213
171 1088
171 355
171 297
171 1731
171 798
171 359
171 753
171 1025
171 1984
171 934
173 178
173 221
173 361
173 395
173 433
173 686
173 707
173 808
173 888
173 1041
173 1085
174 175
174 220
174 300
174 422
174 429
174 724
174 831
174 872
174 341
174 1001
174 267
174 1180
174 533
174 434
174 1381
174 1310
174 1266
174 1941
174 1928
175 354
177 358
180 181
180 427
180 399
180 674
180 683
180 692
180 628
180 792
180 315
180 852
180 708
180 637
180 967
180 968
180 979
180 1013
180 497
180 540
180 1060
180 1095
180 745
180 974
180 539
180 1190
180 981
180 995
180 1217
180 686
180 1250
180 1266
180 993
180 514
180 594
180 1597
180 1951
180 1163
180 1952
180 1711
180 1606
180 878
180 902
181 197
183 185
183 375
183 606
183 649
183 663
183 738
183 838
183 696
183 1174
183 244
183 537
184 499
187 1457
187 499
188 202
189 472
189 212
189 283
189 202
189 204
189 311
189 1545
190 191
190 287
190 481
190 542
190 699
190 992
190 1091
190 533
190 1197
191 204
193 496
193 744
193 642
193 712
193 829
193 940
193 966
193 986
193 204
193 295
193 1489
193 354
195 196
195 352
195 404
195 737
195 760
195 958
195 1052
195 1167
195 1189
195 1947
196 343
196 341
196 197
196 576
196 460
196 238
196 1480
197 198
197 315
197 341
197 490
197 497
197 249
197 580
197 352
197 692
197 750
197 792
197 631
197 399
197 594
197 1006
197 1076
197 968
197 306
197 435
197 635
197 1193
197 982
197 540
197 1216
197 1217
197 294
197 775
197 1313
197 592
197 1024
197 1335
197 1352
197 1362
197 708
197 961
197 745
197 934
197 514
197 637
197 575
197 210
197 1290
197 539
197 1525
197 424
197 1571
197 1586
197 1233
197 1597
197 627
197 628
197 1612
197 1615
197 1237
197 1190
197 1327
197 1658
197 1689
197 1144
197 1702
197 1713
197 1078
197 1717
197 1097
197 1734
197 1738
197 1739
197 993
197 1752
197 1759
197 1764
197 1079
197 1340
197 1323
197 1545
198 466
198 860
198 441
198 504
198 354
200 201
200 222
200 396
200 549
200 230
200 570
200 620
200 641
200 310
200 873
200 498
200 947
200 533
200 1012
200 203
200 1094
200 545
200 431
200 670
200 1205
200 423
200 1010
200 1270
200 571
200 945
200 507
200 359
200 662
200 1101
200 1330
200 1347
200 863
200 1148
200 1238
200 585
200 1133
200 1316
200 390
200 1406
200 1365
200 652
200 485
200 251
200 1414
200 1199
200 1346
200 1484
200 1485
200 903
200 1511
200 760
201 202
201 311
202 203
202 230
202 430
202 498
202 511
202 545
202 873
202 641
202 585
202 910
202 809
202 1173
202 603
202 903
202 1231
202 1232
202 361
202 267
202 1132
202 431
202 1124
202 813
202 654
202 571
202 646
202 1302
202 1312
202 928
202 1182
202 501
202 1331
202 741
202 533
202 1369
202 1399
202 1417
202 1041
202 1447
202 1318
202 283
202 1597
202 1944
202 793
203 551
203 923
203 448
203 347
204 355
204 292
204 628
204 629
204 654
204 677
204 719
204 727
204 699
204 971
204 1048
204 900
204 1088
204 1242
204 1110
204 244
204 1304
204 836
204 1195
204 506
204 912
204 210
204 415
204 1462
204 1366
204 1490
204 1502
204 890
204 1536
204 1544
204 1096
204 1546
204 637
204 1029
204 1568
204 1576
204 1581
204 386
204 225
204 1644
204 448
204 1292
204 951
206 466
207 268
207 476
209 464
209 479
210 354
211 471
211 595
211 700
211 733
211 673
211 836
211 865
211 894
211 1034
211 1063
211 692
211 1125
211 1131
211 486
212 333
212 530
212 267
212 259
212 222
212 908
212 550
212 1325
212 798
212 531
212 813
212 1263
212 941
212 485
212 498
212 1460
212 258
212 1238
212 1148
212 1207
212 885
212 928
212 1353
212 1517
212 1378
212 1307
212 945
212 234
212 1214
212 1601
212 1271
212 1047
212 877
214 215
214 269
214 371
214 558
214 743
214 748
214 1516
214 1574
216 217
216 329
216 555
216 373
216 286
217 229
217 329
217 373
217 461
217 502
217 618
217 646
217 446
217 896
217 1392
218 334
218 504
219 426
219 469
219 391
219 853
219 943
219 725
220 1942
222 283
222 448
222 537
222 311
222 770
222 572
222 472
222 238
223 224
223 271
223 327
223 330
223 413
223 503
223 261
223 1620
225 504
225 1638
225 1545
225 354
226 227
226 295
226 764
226 977
226 1096
226 1191
226 586
226 1304
226 458
226 1088
226 565
226 595
226 1242
226 673
226 399
226 1383
226 439
226 1396
226 1209
226 1110
226 486
226 969
226 1086
226 434
226 1623
226 1643
226 1111
226 652
226 1468
226 700
226 1032
226 1719
226 1336
226 1186
226 1198
226 1427
226 419
226 1113
226 1119
226 893
226 1360
226 1763
226 541
226 997
226 1789
226 1615
226 1254
226 1550
226 630
226 1770
226 1748
226 865
226 1251
226 526
226 1257
226 733
226 1570
226 1502
226 1853
226 469
226 1767
226 1387
226 838
226 512
226 992
226 1720
226 1029
226 1964
226 1196
226 563
226 1888
226 631
226 303
226 1893
226 1384
226 868
226 1965
226 1941
226 1966
226 1768
226 1319
226 578
226 1169
226 1278
226 1627
226 470
226 266
226 1268
226 1776
226 533
226 1697
226 1778
229 618
229 789
231 232
231 275
231 306
231 357
231 451
231 508
231 569
231 268
231 707
231 995
231 745
231 790
231 819
231 486
232 268
234 235
234 527
234 680
234 525
234 716
234 691
234 871
234 844
234 1025
238 239
238 405
238 355
238 352
238 341
238 1519
238 469
238 1584
238 1585
238 382
238 832
238 404
238 333
238 592
238 741
238 565
238 545
238 322
238 620
238 585
238 1231
238 787
238 910
238 1210
238 1430
238 359
238 951
238 1716
238 795
238 621
238 627
238 925
238 1201
238 1742
238 1743
238 1351
238 1753
238 1452
238 438
238 892
238 1650
238 1346
238 1044
238 1037
238 1062
238 1168
238 833
238 570
238 1821
238 396
238 780
238 1455
239 622
242 243
242 439
242 1063
244 266
244 876
244 1665
244 1545
244 354
245 586
245 499
245 701
245 841
245 905
245 677
245 962
245 526
245 1008
245 511
245 1010
245 953
245 745
245 1113
245 1300
245 636
245 1328
245 2170
246 283
246 266
246 770
246 534
247 248
248 800
249 441
251 266
251 720
251 572
252 537
253 254
253 266
253 292
253 264
253 954
253 845
253 1110
253 1126
253 696
253 322
253 705
253 1211
253 815
253 631
253 1096
253 1565
253 1169
253 435
253 438
253 1032
253 500
253 687
253 1191
253 1164
253 925
253 1319
253 890
253 1630
253 1726
253 620
253 2158
253 835
253 1981
254 354
254 1931
254 558
254 1932
254 1933
254 1934
257 714
257 956
257 1010
257 1011
257 466
258 283
259 462
259 283
259 311
259 358
259 494
261 262
261 417
261 774
261 812
261 582
261 994
261 525
261 1076
261 1078
261 1345
261 588
261 1429
261 2210
263 455
263 1114
263 662
263 540
266 318
266 343
266 462
266 375
266 701
266 936
266 488
266 778
266 691
266 431
266 1130
266 749
266 355
266 549
266 1219
266 311
266 652
266 928
266 638
266 1102
266 1470
266 354
266 1665
266 2136
266 1949
266 2137
266 1094
267 358
267 572
267 770
267 877
267 283
268 357
268 275
268 478
268 495
268 569
268 640
268 790
268 306
268 451
268 803
268 819
268 952
268 589
268 744
268 1026
268 642
269 479
269 1516
270 725
270 499
270 354
270 358
270 1295
271 503
271 2167
272 273
272 712
275 1249
277 278
277 525
277 626
277 653
277 629
277 691
280 281
280 485
280 868
280 318
281 504
281 441
281 1545
283 431
283 438
283 507
283 501
283 809
283 488
283 396
283 893
283 910
283 873
283 1124
283 1101
283 570
283 1252
283 1279
283 533
283 1284
283 1306
283 1309
283 1231
283 621
283 1080
283 928
283 870
283 1353
283 1358
283 490
283 361
283 1376
283 571
283 1389
283 1109
283 935
283 1397
283 784
283 1414
283 1312
283 1441
283 1464
283 1468
283 1469
283 903
283 1486
283 1497
283 1037
283 813
283 1012
283 1523
283 1132
283 947
283 1529
283 303
283 721
283 1537
283 1431
283 531
283 1061
283 1110
283 909
283 1557
283 1453
283 1044
283 1394
283 485
283 1582
283 1594
283 1428
283 1602
283 1614
283 1624
283 1452
283 1633
283 1182
283 573
283 1667
283 1675
283 1685
283 1094
283 2100
283 2101
283 1266
283 2102
286 658
286 472
286 770
286 634
286 354
288 289
288 338
289 363
289 338
289 557
289 802
289 476
289 1163
290 291
290 736
292 494
292 358
292 876
293 294
293 370
293 491
293 399
293 631
293 639
293 702
293 775
293 683
293 788
293 580
293 315
293 1009
293 1065
293 540
293 747
293 637
293 1117
293 696
293 839
293 506
293 1068
293 1193
293 1079
293 666
293 1259
293 629
293 1298
293 1299
293 708
293 1076
293 961
293 1239
293 1338
293 826
293 912
293 982
293 1495
293 1665
293 2066
293 1226
294 763
294 313
294 1176
294 1665
295 338
295 948
295 712
295 845
295 311
295 636
295 537
295 1119
295 745
295 1136
295 1235
295 1161
295 604
295 977
295 877
295 1209
295 589
295 637
295 1222
295 440
295 1355
295 838
295 525
295 987
295 1949
297 472
297 1665
297 354
298 720
298 1545
300 302
300 876
300 1545
300 354
302 529
302 745
302 352
302 734
302 590
302 1118
303 304
303 372
303 591
303 447
303 440
303 511
303 1955
303 1928
307 308
307 488
307 355
307 765
308 309
308 634
308 1261
309 315
309 698
309 1119
309 922
309 745
309 1349
309 838
309 1408
310 612
310 316
311 355
311 554
311 758
311 904
311 652
311 1007
311 431
311 996
311 501
311 1104
311 1080
311 696
311 1148
311 485
311 1275
311 935
311 760
311 1292
311 1050
311 910
311 1238
311 533
311 692
311 749
311 723
311 507
311 545
311 673
311 1387
311 627
311 739
311 630
311 1415
311 1320
311 1428
311 1437
311 1094
311 893
311 1453
311 368
311 423
311 795
311 360
311 1476
311 1447
311 498
311 892
311 1279
311 1530
311 1534
311 1314
311 1548
311 1549
311 1377
311 621
311 1012
311 1369
311 1577
311 1173
311 1605
311 1523
311 1617
311 1618
311 1634
311 1341
311 1641
311 840
311 1101
311 1654
311 1670
311 1676
311 1182
311 841
311 1706
311 1324
311 868
311 1110
311 1736
311 1413
311 1740
311 1749
311 2159
311 2160
311 2063
311 2161
311 1163
311 1989
311 2162
311 2163
311 862
311 902
311 2164
312 354
313 314
313 389
313 421
313 489
313 523
313 382
313 631
313 639
313 702
313 638
313 1078
313 1266
315 441
315 466
315 876
315 354
315 336
316 317
316 527
316 772
316 1289
317 428
317 408
317 555
318 319
318 391
318 951
318 1056
318 1075
319 504
319 1665
319 1295
319 1545
320 321
320 323
320 460
320 483
320 715
322 876
322 388
322 494
322 678
322 354
322 1545
322 1295
322 1665
324 325
324 652
324 749
324 863
324 908
324 550
324 1969
328 354
329 556
329 618
331 332
331 600
331 669
333 472
333 361
333 448
333 880
333 1265
334 335
334 512
334 718
334 1164
334 838
334 1251
334 747
334 890
334 1396
334 700
334 652
334 448
334 900
334 524
334 664
334 1096
334 753
334 974
334 1502
334 1032
334 1561
334 1570
334 1018
334 595
334 824
334 1147
334 348
334 1478
334 2096
336 337
336 998
336 458
336 368
336 807
336 1113
336 467
336 838
336 900
336 589
336 1510
336 1459
336 982
336 435
336 1621
336 1032
336 1632
336 1474
336 705
336 1025
336 1191
336 1720
336 1607
336 1147
336 1126
336 1119
336 514
336 1767
336 681
336 448
336 1371
336 1164
336 489
336 349
336 1304
336 479
336 1257
336 1278
336 586
338 339
338 356
338 392
338 735
338 1161
338 1390
338 1646
338 854
338 354
340 341
340 1166
341 352
341 394
341 635
341 824
341 825
341 926
341 592
341 342
341 2131
343 352
343 562
343 1948
345 414
345 607
345 691
345 2141
347 854
347 1603
348 354
349 350
349 493
349 655
349 504
351 352
351 404
351 592
351 635
351 878
351 1053
351 1956
351 1928
351 1957
352 460
352 597
352 576
352 496
352 942
352 1480
354 355
354 604
354 687
354 652
354 705
354 511
354 1057
354 632
354 764
354 1179
354 678
354 1248
354 359
354 849
354 1276
354 815
354 1294
354 565
354 1368
354 1141
354 1233
354 982
354 631
354 1096
354 435
354 440
354 693
354 370
354 1568
354 579
354 792
354 1169
354 575
354 467
354 524
354 399
354 586
354 1032
354 1076
354 1126
354 1242
354 526
354 559
354 1632
354 1762
354 1208
354 1768
354 971
354 1387
354 890
354 602
354 900
354 1474
354 512
354 825
354 1576
354 1320
354 469
354 1319
354 1304
354 969
354 1183
354 365
354 1113
354 1454
354 734
354 1371
354 386
354 1311
354 1848
354 1048
354 1791
354 1384
354 421
354 1507
354 1222
354 1366
354 696
354 1513
354 2179
354 1514
354 454
354 1239
354 1837
354 2180
354 1644
354 1023
354 457
354 1025
354 1344
354 1459
354 2181
354 1034
354 1650
354 1570
354 1851
354 2172
354 1789
354 1666
354 2182
354 2183
354 824
354 1693
354 1029
354 2184
354 1885
354 489
354 1688
354 2185
354 549
354 1018
354 1539
354 2186
354 2187
354 1887
354 563
354 1801
354 1889
354 1561
354 1191
354 1533
354 601
354 463
354 1522
354 479
354 1068
354 2026
354 1478
354 1209
354 2188
354 1432
354 2119
354 2189
354 1195
354 1410
354 2190
354 2030
354 1509
354 2031
354 1439
354 1164
354 2191
354 2081
354 2192
354 1990
354 1991
354 940
354 915
354 1976
354 760
354 1198
354 700
354 2193
354 2194
354 1993
354 779
354 566
354 2035
354 2195
354 1453
354 2196
354 1844
354 1763
354 1272
354 620
354 1419
354 368
354 2197
354 2198
354 595
354 1245
354 2199
354 2200
354 848
354 733
354 1726
354 845
354 1966
354 1612
354 970
354 2201
354 1690
354 2202
354 1502
354 1292
354 944
354 1550
354 1860
354 448
354 2203
354 1257
354 1798
354 677
354 418
354 2204
354 500
354 1684
354 818
354 925
354 865
354 1086
354 378
354 486
354 753
354 389
354 1251
354 1440
354 2205
354 1255
354 594
354 961
354 747
354 839
354 1110
354 539
354 692
354 951
354 1748
354 1268
354 655
354 739
354 1160
354 977
354 1355
354 630
354 425
354 2206
354 1672
354 772
354 1542
354 2207
354 1360
354 1806
354 1254
354 1998
354 1277
354 1213
355 1380
355 725
355 441
358 921
358 564
358 762
358 1373
358 764
358 1521
358 604
358 1563
358 512
358 838
358 565
358 368
358 1141
358 1459
358 705
358 1126
358 1023
358 824
358 435
358 1784
358 500
358 1812
358 1814
359 551
359 441
360 537
361 456
361 501
361 550
361 1071
361 1638
361 1597
361 2054
362 363
362 567
362 697
362 696
365 499
365 720
365 725
366 1104
368 980
368 447
368 572
368 1295
370 504
371 796
371 805
373 428
373 447
373 579
373 446
373 630
373 974
373 1063
373 1163
375 558
375 504
376 820
377 384
377 918
378 379
378 1665
378 1489
380 381
380 910
380 780
380 1061
380 1062
382 383
382 693
382 523
382 885
382 765
382 886
386 504
386 1157
386 1638
386 1545
388 1209
388 595
388 838
388 637
388 1442
388 1191
388 1454
388 1032
388 1527
388 1371
388 1559
388 1255
388 434
388 1113
388 700
388 1023
388 977
388 779
388 1465
388 1217
388 845
388 1360
388 1164
388 1726
388 1088
388 419
388 1374
388 997
388 448
388 1770
388 1776
388 512
388 1779
388 985
388 1311
388 925
388 1650
388 807
388 1561
388 1277
388 1208
388 824
388 900
388 753
388 1812
388 1823
388 1937
388 969
390 623
391 934
391 1154
391 1253
397 398
397 636
397 1063
397 595
397 1244
397 902
399 441
399 499
399 504
399 1665
400 1021
400 1134
400 817
400 1260
400 1422
400 1445
400 1651
400 1652
400 1703
400 910
400 579
400 449
400 892
400 654
400 1800
400 1133
400 835
400 1811
401 402
401 791
401 732
401 572
402 1147
407 489
408 409
410 411
410 728
412 1665
415 504
415 1545
416 496
418 441
418 1665
419 1638
419 504
420 466
421 504
421 441
423 572
425 504
425 441
425 1665
426 617
426 869
426 654
426 1166
426 1183
426 886
426 1141
426 558
426 765
428 447
430 572
431 537
431 572
431 472
432 476
432 504
434 828
434 1665
435 499
435 504
436 1665
436 504
438 494
439 619
439 696
439 794
440 441
440 876
440 499
441 442
441 526
441 541
441 575
441 777
441 540
441 506
441 750
441 1087
441 483
441 871
441 637
441 467
441 1246
441 1217
441 594
441 514
441 708
441 792
441 982
441 1119
441 559
441 539
441 627
441 631
441 1092
441 839
441 1076
441 961
441 1322
441 1547
441 595
441 1626
441 1571
441 1462
441 1254
441 1645
441 1211
441 563
441 1708
441 1709
441 1024
441 1186
441 903
441 981
441 1290
441 1300
441 848
441 977
441 1533
441 628
441 630
441 1557
441 1780
441 1109
441 1732
441 1799
441 1586
441 879
441 1778
441 1323
441 1248
441 912
441 1013
441 747
441 759
441 1632
441 1327
441 1086
441 1366
441 1862
441 1771
441 1867
441 1868
441 1872
441 804
441 1393
441 1693
441 2103
441 1452
441 2104
441 1683
441 2105
441 2058
442 556
446 447
446 846
446 871
447 502
447 766
447 1247
447 1132
447 1222
447 1311
447 2153
448 449
448 960
448 1080
448 766
449 776
449 556
449 1662
453 454
455 499
456 651
456 928
458 494
460 562
460 832
460 844
460 635
460 1028
460 628
460 1074
461 745
461 673
461 1150
462 585
462 734
462 662
462 545
462 739
462 919
462 941
463 1665
466 594
466 745
466 792
466 708
466 514
466 747
466 1367
466 1010
466 1079
466 1108
466 1144
466 839
466 541
466 539
466 1571
466 1604
466 1567
466 992
466 1148
466 981
466 1109
467 876
468 492
468 864
468 898
468 899
469 470
469 522
469 828
469 1481
472 475
472 645
472 881
472 511
472 893
472 1207
472 1238
472 813
472 1318
472 1378
472 931
472 1419
472 1439
472 1456
472 1463
472 1031
472 928
472 2144
472 2096
473 474
476 546
476 665
476 1253
476 2091
476 2092
476 2093
476 902
483 577
483 1295
483 504
483 1545
485 532
485 537
485 770
485 880
485 1665
486 487
486 742
486 729
490 572
494 1126
494 595
494 1293
494 586
494 835
494 1474
494 1066
494 1513
494 599
494 1054
494 1255
494 631
494 604
494 675
494 1628
494 1148
494 807
494 1439
494 1372
494 579
494 1514
494 1251
494 733
494 620
494 1128
494 563
494 705
494 700
494 501
494 1750
494 871
494 1758
494 1761
494 985
496 511
496 705
496 717
496 632
496 973
496 586
496 635
496 744
496 815
496 638
496 592
496 807
496 1430
496 1222
496 1478
496 628
496 1507
496 875
496 1554
496 1310
496 1569
496 1410
496 1962
496 1963
498 551
498 770
498 1380
498 572
499 520
499 565
499 1153
499 652
499 1208
499 1243
499 1364
499 915
499 559
499 524
499 511
499 691
499 1371
499 579
499 1169
499 764
499 1539
499 1573
499 1595
499 1058
499 705
499 1695
499 687
499 501
499 1765
499 1374
499 815
499 1011
499 2145
499 1941
500 504
502 630
502 659
502 694
502 927
502 1220
502 1042
502 1063
504 505
504 1096
504 912
504 849
504 971
504 997
504 838
504 890
504 970
504 815
504 1164
504 1292
504 1690
504 1251
504 1724
504 1732
504 1644
504 599
504 664
504 1346
504 1191
504 558
504 1474
504 1786
504 925
504 1209
504 1371
504 1166
504 1813
504 1076
504 1817
504 628
504 865
504 1428
504 1025
504 1465
504 825
504 1874
504 1875
504 1239
504 541
504 1304
504 2000
504 1318
504 563
504 2001
504 601
504 1532
504 1763
504 604
504 1499
504 539
504 506
504 2002
504 1806
505 1295
509 510
509 662
509 768
509 851
509 550
509 913
509 957
511 1622
512 876
512 1665
512 1545
515 516
515 883
515 1027
522 795
522 813
522 646
522 739
522 1935
524 525
524 597
524 877
524 1030
524 1102
524 1176
524 634
524 1660
525 802
526 916
526 877
526 906
526 1176
526 1662
530 572
532 533
532 539
532 741
532 833
532 795
532 945
532 2080
533 1665
534 535
537 538
537 621
537 716
537 889
537 941
537 996
537 991
537 673
537 868
537 835
537 601
537 1281
537 1214
537 550
537 1303
537 678
537 910
537 1351
537 1106
537 1365
537 545
537 1394
537 1407
537 1175
537 1426
537 760
538 770
539 1665
544 545
545 551
547 548
549 770
550 572
551 641
551 892
551 749
551 809
551 935
552 553
552 611
554 770
554 572
555 1941
556 746
559 778
560 561
560 1457
563 1665
563 1545
565 725
565 1295
566 876
567 755
567 697
572 573
572 624
572 1037
572 1271
572 1173
572 745
572 673
572 1238
572 1148
572 1185
572 1450
572 904
572 1560
572 1377
572 1047
572 935
572 1328
572 1631
572 1126
572 1585
572 721
572 1012
572 1678
572 1682
572 1414
572 1307
572 1190
572 1469
572 1239
576 635
576 832
576 975
577 578
577 667
577 1063
577 1214
577 1255
577 1209
577 1355
579 816
580 860
581 582
581 613
581 1286
582 891
582 802
583 584
583 608
583 656
583 1123
583 1108
583 1266
583 1928
585 634
588 770
590 684
590 989
590 1003
590 701
590 886
590 1953
590 1954
590 902
595 725
595 1662
595 1665
599 1662
599 1638
599 1665
603 770
604 1545
606 1276
607 740
608 1108
609 610
612 772
613 614
617 773
617 916
617 1030
617 622
617 877
617 651
621 770
622 623
622 678
623 1084
623 772
623 1212
623 1237
623 807
623 1291
623 1321
627 778
627 1545
628 746
630 1494
632 876
634 739
634 877
634 1113
634 1018
634 1054
634 780
634 712
634 1535
639 778
639 720
639 1545
646 761
650 651
650 760
651 777
651 2134
651 2135
652 876
652 770
653 678
654 706
654 916
654 720
654 1176
654 1380
654 1552
654 1646
658 659
664 1295
664 1545
665 770
666 763
673 1665
675 1665
676 678
676 876
676 1665
678 765
678 838
678 705
678 1140
678 1066
678 1029
678 807
678 1023
678 815
678 778
678 2211
678 902
687 876
687 1665
690 691
690 1068
691 880
691 1588
692 1176
692 1665
694 1545
695 696
695 797
695 823
695 1070
696 861
696 891
697 1129
697 1181
697 945
697 868
700 1662
700 1665
701 800
701 1102
701 906
701 1489
701 725
702 720
705 766
705 1295
706 833
708 1665
709 710
710 1005
711 712
711 765
712 720
712 1390
712 725
712 1646
720 721
720 1079
720 1058
720 1073
720 1108
720 1010
720 742
720 1401
720 1503
720 788
720 862
720 2098
725 815
725 742
725 886
725 974
725 745
727 1380
729 730
729 1031
731 732
732 802
733 1665
737 1480
742 1390
744 1390
749 770
749 1515
751 1665
753 1161
760 854
760 891
760 770
760 1596
763 818
763 839
764 806
764 814
764 766
764 1665
765 860
765 906
766 1088
766 1169
766 997
766 1140
766 981
766 1420
766 1191
766 970
766 1113
766 1556
766 807
766 1251
766 2166
770 784
770 845
770 932
770 1175
770 1185
770 928
770 947
770 1238
770 924
770 1287
770 1012
770 1288
770 904
770 1314
770 1258
770 2068
770 2069
773 858
777 1622
778 779
778 874
778 971
778 1110
778 1169
778 1147
778 1209
778 839
778 1088
778 1086
778 1514
778 1374
778 1191
778 1311
778 1113
778 2126
778 2138
780 1102
791 1646
800 801
800 945
800 1224
800 1240
802 818
802 888
806 807
806 890
806 1014
806 1100
807 1545
807 1295
813 1049
814 815
814 1023
814 1054
815 1638
815 1665
815 1545
816 817
816 1329
816 1445
818 1176
818 1545
821 822
821 1121
821 1967
828 1147
828 1209
828 1254
833 1039
833 1545
838 876
838 1545
838 1665
838 1295
845 1646
845 1665
849 1665
860 961
860 1056
861 862
862 897
865 1665
868 891
870 1077
876 1126
876 944
876 1211
876 1384
876 1248
876 900
876 1567
876 1439
876 1292
876 1688
876 1542
876 1025
876 974
876 1360
876 1078
876 1210
876 1772
876 890
876 1794
876 1943
877 1210
880 991
880 974
880 928
880 1182
880 1176
880 2095
886 1636
886 1679
887 1261
888 1382
889 897
890 1545
891 917
900 1157
900 1545
900 1295
906 907
906 1461
906 1248
914 915
922 1545
923 1265
925 1665
930 931
942 1004
951 1075
969 1157
969 1665
971 1662
971 1545
971 1295
977 1590
977 1665
977 1638
980 987
985 1665
987 988
992 1176
997 1295
997 1665
1010 1249
1018 1295
1023 1545
1023 1665
1025 1665
1025 1545
1029 1545
1029 1665
1029 1295
1030 1103
1032 1638
1032 1665
1032 1545
1039 1062
1050 1051
1050 2156
1056 1382
1059 1646
1061 1665
1063 1390
1068 1176
1068 1588
1077 2066
1086 1665
1087 1176
1088 1638
1096 1665
1096 1545
1102 1161
1104 1545
1109 1545
1111 1590
1113 1545
1119 1665
1124 1665
1126 1295
1133 1590
1141 1660
1147 1649
1147 1673
1147 1949
1147 1545
1148 1545
1154 1662
1154 1665
1155 1156
1155 2154
1157 2009
1157 2010
1161 1261
1161 1646
1164 1295
1166 1382
1167 1480
1169 1662
1169 1665
1169 1295
1176 1183
1176 1237
1176 1472
1181 1928
1183 1545
1183 1665
1183 1295
1191 1665
1191 1545
1198 1545
1209 1590
1214 1380
1222 1295
1232 1265
1245 1545
1248 1295
1249 2209
1251 1590
1251 1545
1251 1665
1255 1665
1255 1295
1257 1295
1257 1665
1261 1488
1261 1504
1276 1320
1277 1545
1292 1638
1292 1545
1292 1295
1295 1296
1295 1391
1295 1411
1295 1822
1295 1871
1295 2007
1295 1819
1295 2008
1295 1763
1295 1387
1295 1568
1295 1355
1300 1455
1301 1545
1304 1638
1311 1662
1328 1390
1332 1333
1332 1611
1351 1665
1355 1545
1359 1646
1371 1638
1387 1665
1408 1545
1419 1638
1420 1545
1440 1665
1442 1545
1452 1665
1454 1545
1454 1665
1463 1590
1463 1545
1465 1545
1478 1665
1489 2094
1495 1930
1508 1509
1514 1590
1542 1665
1545 1720
1545 1837
1545 2171
1545 1884
1545 2172
1545 1688
1545 1894
1545 1664
1545 1841
1545 1557
1545 2173
1545 2174
1545 2175
1545 1559
1545 2002
1545 1856
1545 2176
1545 2055
1545 2058
1545 2177
1559 1665
1574 1639
1588 1589
1590 1777
1607 1665
1609 1610
1620 1967
1620 1928
1622 2133
1646 1725
1650 1665
1665 1789
1665 1726
1665 1970
1665 1971
1665 1972
1665 1890
1665 1973
1665 1974
1665 1975
1665 1976
1665 1977
1665 1690
1665 1907
1665 1978
1665 1979
1665 1980
1665 1830
1665 1915
1665 1981
1665 1812
1665 1982
1665 1983
1926 1927
1926 1928
1942 2178
2065 2066
