0,0.1,0.01,1.0,0.5,0.7028433061676865,0.7985630946434026,0.552798539631571,0.5567897150558264,0.520685336368946,0.5269959317600217,0,[0.4422926472712325],0,
0,0.1,0.01,1.0,1.0,0.7921914235769595,0.7996744914482509,0.5889489119550961,0.588469455763037,0.5505268289295269,0.5573724453820335,0,[0.4422926472712325],0,
0,0.1,0.01,1.0,1.5,0.7673415892936722,0.8025298920071854,0.620048107400404,0.6160457497891487,0.5760160496469999,0.5835732570665468,0,[0.4422926472712325],0,
0,0.1,0.01,1.0,2.0,0.7509476712138528,0.8036802207534668,0.6457961408115993,0.6367835492011077,0.5968335950768712,0.6044448317724516,0,[0.4422926472712325],0,
0,0.1,0.01,1.0,2.5,0.798665771248784,0.808203327035156,0.6663129828995424,0.6519570335551802,0.6127453016382974,0.620269228019065,0,[0.4422926472712325],0,
0,0.1,0.01,1.0,3.0,0.8029017798420952,0.7982072384568742,0.6823562004005793,0.6643743502264695,0.6246218332359424,0.6326939987465388,0,[0.4422926472712325],0,
1,0.1,0.01,1.0,0.5,0.6446204503043746,0.7914621895348425,0.552798539631571,0.5567897150558264,0.520685336368946,0.5269959317600217,0,[0.4422926472712325],0,
1,0.1,0.01,1.0,1.0,0.7179800777581191,0.793237615938458,0.5889489119550961,0.588469455763037,0.5505268289295269,0.5573724453820335,0,[0.4422926472712325],0,
1,0.1,0.01,1.0,1.5,0.740291692712524,0.7946530237126584,0.620048107400404,0.6160457497891487,0.5760160496469999,0.5835732570665468,0,[0.4422926472712325],0,
1,0.1,0.01,1.0,2.0,0.7739563283007563,0.8008242395883621,0.6457961408115993,0.6367835492011077,0.5968335950768712,0.6044448317724516,0,[0.4422926472712325],0,
1,0.1,0.01,1.0,2.5,0.7380498042626579,0.8011477625598626,0.6663129828995424,0.6519570335551802,0.6127453016382974,0.620269228019065,0,[0.4422926472712325],0,
1,0.1,0.01,1.0,3.0,0.7320647785162172,0.8137782758990486,0.6823562004005793,0.6643743502264695,0.6246218332359424,0.6326939987465388,0,[0.4422926472712325],0,
2,0.1,0.01,1.0,0.5,0.8091730174879284,0.7859275933245611,0.552798539631571,0.5567897150558264,0.520685336368946,0.5269959317600217,0,[0.4422926472712325],0,
2,0.1,0.01,1.0,1.0,0.22424191504364024,0.8194453802896585,0.5889489119550961,0.588469455763037,0.5505268289295269,0.5573724453820335,0,[0.4422926472712325],0,
2,0.1,0.01,1.0,1.5,0.7181173877199766,0.7948112083003569,0.620048107400404,0.6160457497891487,0.5760160496469999,0.5835732570665468,0,[0.4422926472712325],0,
2,0.1,0.01,1.0,2.0,0.8057895335609371,0.8095034280013993,0.6457961408115993,0.6367835492011077,0.5968335950768712,0.6044448317724516,0,[0.4422926472712325],0,
2,0.1,0.01,1.0,2.5,0.6258358471344799,0.80817027683168,0.6663129828995424,0.6519570335551802,0.6127453016382974,0.620269228019065,0,[0.4422926472712325],0,
2,0.1,0.01,1.0,3.0,0.5488948387576736,0.8003842469042903,0.6823562004005793,0.6643743502264695,0.6246218332359424,0.6326939987465388,0,[0.4422926472712325],0,
3,0.1,0.01,1.0,0.5,0.7882934432456181,0.7944997539444768,0.552798539631571,0.5567897150558264,0.520685336368946,0.5269959317600217,0,[0.4422926472712325],0,
3,0.1,0.01,1.0,1.0,0.7148928153392632,0.8046517082472715,0.5889489119550961,0.588469455763037,0.5505268289295269,0.5573724453820335,0,[0.4422926472712325],0,
3,0.1,0.01,1.0,1.5,0.725083099278346,0.8109196403873782,0.620048107400404,0.6160457497891487,0.5760160496469999,0.5835732570665468,0,[0.4422926472712325],0,
3,0.1,0.01,1.0,2.0,0.4776298082010604,0.8014851916032129,0.6457961408115993,0.6367835492011077,0.5968335950768712,0.6044448317724516,0,[0.4422926472712325],0,
3,0.1,0.01,1.0,2.5,0.780528360652586,0.8051938382203229,0.6663129828995424,0.6519570335551802,0.6127453016382974,0.620269228019065,0,[0.4422926472712325],0,
3,0.1,0.01,1.0,3.0,0.7647947153199184,0.7853996526404449,0.6823562004005793,0.6643743502264695,0.6246218332359424,0.6326939987465388,0,[0.4422926472712325],0,
4,0.1,0.01,1.0,0.5,0.7382449348283822,0.783944336294909,0.552798539631571,0.5567897150558264,0.520685336368946,0.5269959317600217,0,[0.4422926472712325],0,
4,0.1,0.01,1.0,1.0,0.7926232983738629,0.7986536691360038,0.5889489119550961,0.588469455763037,0.5505268289295269,0.5573724453820335,0,[0.4422926472712325],0,
4,0.1,0.01,1.0,1.5,0.7931969372485428,0.8139546765761263,0.620048107400404,0.6160457497891487,0.5760160496469999,0.5835732570665468,0,[0.4422926472712325],0,
4,0.1,0.01,1.0,2.0,0.7028961440872039,0.7829692147604618,0.6457961408115993,0.6367835492011077,0.5968335950768712,0.6044448317724516,0,[0.4422926472712325],0,
4,0.1,0.01,1.0,2.5,0.7810210407337369,0.7980389495270733,0.6663129828995424,0.6519570335551802,0.6127453016382974,0.620269228019065,0,[0.4422926472712325],0,
4,0.1,0.01,1.0,3.0,0.6628812270823723,0.8060329995512855,0.6823562004005793,0.6643743502264695,0.6246218332359424,0.6326939987465388,0,[0.4422926472712325],0,
5,0.1,0.01,1.0,0.5,0.6684301169254816,0.8004320215782957,0.552798539631571,0.5567897150558264,0.520685336368946,0.5269959317600217,0,[0.4422926472712325],0,
5,0.1,0.01,1.0,1.0,0.7637759968284359,0.8028101025309152,0.5889489119550961,0.588469455763037,0.5505268289295269,0.5573724453820335,0,[0.4422926472712325],0,
5,0.1,0.01,1.0,1.5,0.7666636951091642,0.8047896435929726,0.620048107400404,0.6160457497891487,0.5760160496469999,0.5835732570665468,0,[0.4422926472712325],0,
5,0.1,0.01,1.0,2.0,0.7063047473139302,0.7942223913055372,0.6457961408115993,0.6367835492011077,0.5968335950768712,0.6044448317724516,0,[0.4422926472712325],0,
5,0.1,0.01,1.0,2.5,0.44318208267453973,0.7997541269170353,0.6663129828995424,0.6519570335551802,0.6127453016382974,0.620269228019065,0,[0.4422926472712325],0,
5,0.1,0.01,1.0,3.0,0.7642951265859805,0.8028291016963167,0.6823562004005793,0.6643743502264695,0.6246218332359424,0.6326939987465388,0,[0.4422926472712325],0,
6,0.1,0.01,1.0,0.5,0.766742944894019,0.7990697763019082,0.552798539631571,0.5567897150558264,0.520685336368946,0.5269959317600217,0,[0.4422926472712325],0,
6,0.1,0.01,1.0,1.0,0.4343778969069404,0.8062810290045226,0.5889489119550961,0.588469455763037,0.5505268289295269,0.5573724453820335,0,[0.4422926472712325],0,
6,0.1,0.01,1.0,1.5,0.7787444281569935,0.7935431140343248,0.620048107400404,0.6160457497891487,0.5760160496469999,0.5835732570665468,0,[0.4422926472712325],0,
6,0.1,0.01,1.0,2.0,0.7164334631334452,0.8018136854593769,0.6457961408115993,0.6367835492011077,0.5968335950768712,0.6044448317724516,0,[0.4422926472712325],0,
6,0.1,0.01,1.0,2.5,0.40146449684547647,0.8023980123166499,0.6663129828995424,0.6519570335551802,0.6127453016382974,0.620269228019065,0,[0.4422926472712325],0,
6,0.1,0.01,1.0,3.0,0.5470994632439202,0.7998213185448476,0.6823562004005793,0.6643743502264695,0.6246218332359424,0.6326939987465388,0,[0.4422926472712325],0,
7,0.1,0.01,1.0,0.5,0.6201395061041133,0.8068876124397872,0.552798539631571,0.5567897150558264,0.520685336368946,0.5269959317600217,0,[0.4422926472712325],0,
7,0.1,0.01,1.0,1.0,0.7946376527196327,0.8124309428844962,0.5889489119550961,0.588469455763037,0.5505268289295269,0.5573724453820335,0,[0.4422926472712325],0,
7,0.1,0.01,1.0,1.5,0.7550069243255827,0.8075404094793232,0.620048107400404,0.6160457497891487,0.5760160496469999,0.5835732570665468,0,[0.4422926472712325],0,
7,0.1,0.01,1.0,2.0,0.807264511682994,0.7996899232394465,0.6457961408115993,0.6367835492011077,0.5968335950768712,0.6044448317724516,0,[0.4422926472712325],0,
7,0.1,0.01,1.0,2.5,0.8055360560623435,0.8052388885065976,0.6663129828995424,0.6519570335551802,0.6127453016382974,0.620269228019065,0,[0.4422926472712325],0,
7,0.1,0.01,1.0,3.0,0.7642753630076015,0.7938786359916502,0.6823562004005793,0.6643743502264695,0.6246218332359424,0.6326939987465388,0,[0.4422926472712325],0,
8,0.1,0.01,1.0,0.5,0.7585021048897336,0.7903536696110419,0.552798539631571,0.5567897150558264,0.520685336368946,0.5269959317600217,0,[0.4422926472712325],0,
8,0.1,0.01,1.0,1.0,0.6588149817022074,0.8070620770977581,0.5889489119550961,0.588469455763037,0.5505268289295269,0.5573724453820335,0,[0.4422926472712325],0,
8,0.1,0.01,1.0,1.5,0.49039753139926073,0.7930832403177757,0.620048107400404,0.6160457497891487,0.5760160496469999,0.5835732570665468,0,[0.4422926472712325],0,
8,0.1,0.01,1.0,2.0,0.8078571535189244,0.8070841719458421,0.6457961408115993,0.6367835492011077,0.5968335950768712,0.6044448317724516,0,[0.4422926472712325],0,
8,0.1,0.01,1.0,2.5,0.7881583621251359,0.8135712598729777,0.6663129828995424,0.6519570335551802,0.6127453016382974,0.620269228019065,0,[0.4422926472712325],0,
8,0.1,0.01,1.0,3.0,0.5111033255548768,0.8062035577934953,0.6823562004005793,0.6643743502264695,0.6246218332359424,0.6326939987465388,0,[0.4422926472712325],0,
9,0.1,0.01,1.0,0.5,0.4691195864528738,0.8022233611700874,0.552798539631571,0.5567897150558264,0.520685336368946,0.5269959317600217,0,[0.4422926472712325],0,
9,0.1,0.01,1.0,1.0,0.7718988879314999,0.8225079151023407,0.5889489119550961,0.588469455763037,0.5505268289295269,0.5573724453820335,0,[0.4422926472712325],0,
9,0.1,0.01,1.0,1.5,0.44973226221130325,0.8133813659395647,0.620048107400404,0.6160457497891487,0.5760160496469999,0.5835732570665468,0,[0.4422926472712325],0,
9,0.1,0.01,1.0,2.0,0.8101466163542748,0.8121168391348369,0.6457961408115993,0.6367835492011077,0.5968335950768712,0.6044448317724516,0,[0.4422926472712325],0,
9,0.1,0.01,1.0,2.5,0.8012075386504378,0.8060089274873827,0.6663129828995424,0.6519570335551802,0.6127453016382974,0.620269228019065,0,[0.4422926472712325],0,
9,0.1,0.01,1.0,3.0,0.8077897203872646,0.807184062182218,0.6823562004005793,0.6643743502264695,0.6246218332359424,0.6326939987465388,0,[0.4422926472712325],0,
mix_feature
0,0.1,0.01,1.0,0.5,0.39134706955502935,0.5448029928670542,0.552798539631571,0.5567897150558264,0.520685336368946,0.5269959317600217,0,[0.4422926472712325],0,
0,0.1,0.01,1.0,1.0,0.5415769764158218,0.5729216958916065,0.5889489119550961,0.588469455763037,0.5505268289295269,0.5573724453820335,0,[0.4422926472712325],0,
0,0.1,0.01,1.0,1.5,0.6072406558848892,0.5863708883983935,0.620048107400404,0.6160457497891487,0.5760160496469999,0.5835732570665468,0,[0.4422926472712325],0,
0,0.1,0.01,1.0,2.0,0.6094875858891041,0.6177153147166924,0.6457961408115993,0.6367835492011077,0.5968335950768712,0.6044448317724516,0,[0.4422926472712325],0,
0,0.1,0.01,1.0,2.5,0.5872536290144063,0.6263258242508771,0.6663129828995424,0.6519570335551802,0.6127453016382974,0.620269228019065,0,[0.4422926472712325],0,
0,0.1,0.01,1.0,3.0,0.6031370083722847,0.6303134378879828,0.6823562004005793,0.6643743502264695,0.6246218332359424,0.6326939987465388,0,[0.4422926472712325],0,
mix_feature
0,0.1,0.01,1.0,0.5,0.4501694932861677,0.5523276073623608,0.552798539631571,0.5567897150558264,0.520685336368946,0.5269959317600217,0,[0.4422926472712325],0,
0,0.1,0.01,1.0,1.0,0.557579574491855,0.5767468169155832,0.5889489119550961,0.588469455763037,0.5505268289295269,0.5573724453820335,0,[0.4422926472712325],0,
0,0.1,0.01,1.0,1.5,0.5585519666722251,0.5989039525189753,0.620048107400404,0.6160457497891487,0.5760160496469999,0.5835732570665468,0,[0.4422926472712325],0,
0,0.1,0.01,1.0,2.0,0.608662053355329,0.6027107858917247,0.6457961408115993,0.6367835492011077,0.5968335950768712,0.6044448317724516,0,[0.4422926472712325],0,
0,0.1,0.01,1.0,2.5,0.6141762974680844,0.6231380196487324,0.6663129828995424,0.6519570335551802,0.6127453016382974,0.620269228019065,0,[0.4422926472712325],0,
0,0.1,0.01,1.0,3.0,0.5511923124612784,0.6243511122564467,0.6823562004005793,0.6643743502264695,0.6246218332359424,0.6326939987465388,0,[0.4422926472712325],0,
higher_order feature
0,0.1,0.01,1.0,0.5,0.532187795980327,0.5369597417038109,0.552798539631571,0.5567897150558264,0.520685336368946,0.5269959317600217,0,[0.4422926472712325],0,
0,0.1,0.01,1.0,1.0,0.5713079536514624,0.5750265055631436,0.5889489119550961,0.588469455763037,0.5505268289295269,0.5573724453820335,0,[0.4422926472712325],0,
0,0.1,0.01,1.0,1.5,0.579609910383559,0.5947863594043123,0.620048107400404,0.6160457497891487,0.5760160496469999,0.5835732570665468,0,[0.4422926472712325],0,
0,0.1,0.01,1.0,2.0,0.5816553182161083,0.6144335538334027,0.6457961408115993,0.6367835492011077,0.5968335950768712,0.6044448317724516,0,[0.4422926472712325],0,
0,0.1,0.01,1.0,2.5,0.5173894163759174,0.6081641934612821,0.6663129828995424,0.6519570335551802,0.6127453016382974,0.620269228019065,0,[0.4422926472712325],0,
0,0.1,0.01,1.0,3.0,0.5596633699231659,0.6289100821937723,0.6823562004005793,0.6643743502264695,0.6246218332359424,0.6326939987465388,0,[0.4422926472712325],0,
0,7,0.1,0.01,1.0,0.5,0.5753796604725614,0.5745546872122315,0.552798539631571,0.5567897150558264,0.520685336368946,0.5269959317600217,0,[0.4422926472712325],0,
0,2,0.1,0.01,1.0,1.0,0.6065807347452861,0.5998511828576909,0.5889489119550961,0.588469455763037,0.5505268289295269,0.5573724453820335,0,[0.4422926472712325],0,
0,2,0.1,0.01,1.0,1.5,0.5241566722428738,0.6137294644962641,0.620048107400404,0.6160457497891487,0.5760160496469999,0.5835732570665468,0,[0.4422926472712325],0,
0,2,0.1,0.01,1.0,2.0,0.5992723606054349,0.6219856373070783,0.6457961408115993,0.6367835492011077,0.5968335950768712,0.6044448317724516,0,[0.4422926472712325],0,
0,9,0.1,0.01,1.0,2.5,0.6166763222890639,0.6324044000999374,0.6663129828995424,0.6519570335551802,0.6127453016382974,0.620269228019065,0,[0.4422926472712325],0,
0,7,0.1,0.01,1.0,3.0,0.623917712715415,0.6469829946511445,0.6823562004005793,0.6643743502264695,0.6246218332359424,0.6326939987465388,0,[0.4422926472712325],0,
