0 1
0 2
1 21
1 29
1 39
1 50
1 56
1 62
1 65
1 132
1 83
1 19
1 299
1 349
1 363
1 389
1 7
1 505
1 159
1 796
1 445
1 819
1 822
1 828
1 835
1 837
1 841
1 844
1 721
1 35
1 576
1 5
1 1027
1 393
1 582
1 219
1 262
1 184
1 268
1 1060
1 1063
1 649
1 22
1 1095
1 344
1 11
1 57
1 990
1 235
1 221
1 356
1 996
1 1127
1 443
1 84
1 578
1 14
1 754
1 1178
1 220
1 661
1 30
1 1190
1 417
1 197
1 1196
1 1181
1 1198
1 311
1 1211
1 855
1 435
1 23
1 27
1 107
1 1191
1 1247
1 1248
1 196
1 1254
1 1255
1 215
1 32
1 490
1 141
1 144
1 391
1 1287
1 1292
1 66
1 140
1 1264
1 334
1 886
1 15
1 20
1 109
1 1296
1 889
1 602
1 1297
1 1298
1 236
1 115
1 31
1 399
1 241
1 1299
1 2
1 1300
1 433
1 71
1 392
1 894
1 125
1 1301
1 1302
1 1303
1 78
1 901
1 274
1 446
1 99
1 633
1 748
1 560
1 897
1 310
1 92
1 1304
1 1305
1 970
1 453
1 972
1 874
1 645
1 163
1 1306
1 1307
1 277
1 355
1 1148
1 1308
1 1309
1 1310
1 74
1 658
1 67
1 460
1 1311
1 18
1 866
1 205
1 206
1 1312
1 771
1 126
1 1238
1 1313
1 768
1 289
1 1197
1 1061
1 1314
1 485
1 488
1 682
1 923
1 104
1 232
1 1315
1 94
1 1316
1 1317
1 1318
1 910
1 1319
1 1256
1 697
1 1320
1 1321
1 475
1 992
1 502
1 703
1 85
1 1322
1 710
1 712
1 1017
1 1323
1 687
1 244
1 1324
1 52
1 1325
1 489
1 1269
1 921
1 179
1 1326
1 1327
1 258
1 390
1 533
1 239
1 1005
1 859
1 1328
1 927
1 1329
1 1052
1 17
1 746
1 1330
1 745
1 16
1 199
1 1013
1 8
1 557
1 190
1 561
1 1331
1 1332
1 715
1 564
1 936
1 46
1 1283
1 1333
1 1334
1 736
1 177
1 296
1 368
1 1335
1 49
1 44
1 1293
1 1336
1 1337
2 132
2 19
2 395
2 7
2 203
2 845
2 672
2 5
2 22
2 84
2 14
2 311
2 436
2 107
2 188
2 215
2 32
2 1243
2 709
2 18
2 1130
2 1438
2 748
2 49
2 418
2 438
2 1459
2 1005
2 104
2 1475
2 94
2 209
2 17
2 1404
2 745
2 768
2 1439
2 1326
2 1301
3 4
3 5
3 6
3 7
3 8
4 7
4 5
4 6
4 8
5 13
5 29
5 34
5 50
5 55
5 59
5 62
5 64
5 65
5 93
5 101
5 112
5 124
5 128
5 132
5 226
5 228
5 19
5 271
5 299
5 300
5 301
5 63
5 314
5 325
5 327
5 328
5 331
5 332
5 341
5 349
5 350
5 352
5 353
5 354
5 362
5 371
5 363
5 389
5 395
5 409
5 7
5 445
5 799
5 811
5 812
5 670
5 814
5 815
5 819
5 822
5 38
5 830
5 837
5 579
5 203
5 562
5 129
5 566
5 35
5 871
5 873
5 580
5 781
5 672
5 303
5 30
5 375
5 139
5 885
5 886
5 415
5 887
5 454
5 197
5 888
5 889
5 52
5 423
5 890
5 306
5 311
5 176
5 428
5 241
5 891
5 98
5 162
5 433
5 892
5 893
5 435
5 436
5 894
5 635
5 895
5 366
5 23
5 896
5 92
5 875
5 27
5 107
5 748
5 897
5 898
5 899
5 726
5 900
5 14
5 67
5 901
5 902
5 277
5 28
5 196
5 462
5 31
5 465
5 903
5 858
5 469
5 904
5 850
5 206
5 472
5 126
5 476
5 478
5 479
5 387
5 905
5 289
5 215
5 906
5 482
5 32
5 907
5 485
5 486
5 908
5 490
5 388
5 492
5 493
5 909
5 94
5 910
5 495
5 607
5 391
5 305
5 500
5 911
5 502
5 843
5 912
5 357
5 508
5 95
5 913
5 302
5 914
5 244
5 915
5 916
5 917
5 307
5 918
5 919
5 175
5 920
5 921
5 179
5 922
5 923
5 924
5 496
5 533
5 114
5 925
5 926
5 927
5 537
5 17
5 542
5 191
5 838
5 928
5 929
5 77
5 230
5 557
5 930
5 931
5 874
5 932
5 933
5 934
5 935
5 936
5 937
5 46
5 938
5 212
5 939
5 368
5 44
5 940
5 941
5 942
5 66
5 96
5 943
5 944
5 945
5 364
5 15
5 20
5 597
5 946
5 947
5 147
5 948
5 949
5 602
5 367
5 950
5 951
5 608
5 952
5 115
5 953
5 954
5 393
5 955
5 321
5 613
5 399
5 541
5 161
5 163
5 141
5 619
5 956
5 957
5 958
5 621
5 392
5 959
5 960
5 125
5 961
5 626
5 962
5 293
5 582
5 963
5 178
5 801
5 274
5 964
5 631
5 99
5 633
5 965
5 310
5 184
5 966
5 967
5 968
5 969
5 45
5 970
5 105
5 971
5 972
5 643
5 881
5 973
5 645
5 974
5 193
5 648
5 355
5 369
5 22
5 975
5 651
5 976
5 977
5 658
5 18
5 660
5 53
5 978
5 661
5 480
5 979
5 980
5 208
5 286
5 981
5 982
5 983
5 16
5 11
5 695
5 675
5 984
5 84
5 291
5 985
5 97
5 122
5 681
5 986
5 599
5 6
5 987
5 104
5 800
5 641
5 688
5 771
5 988
5 642
5 989
5 990
5 673
5 991
5 992
5 235
5 730
5 714
5 448
5 993
5 239
5 712
5 994
5 356
5 995
5 996
5 997
5 998
5 999
5 443
5 1000
5 251
5 252
5 309
5 1001
5 1002
5 255
5 731
5 1003
5 1004
5 390
5 377
5 1005
5 1006
5 1007
5 1008
5 227
5 1009
5 552
5 747
5 273
5 749
5 565
5 1010
5 754
5 1011
5 756
5 1012
5 759
5 760
5 1013
5 8
5 283
5 1014
5 1015
5 1016
5 1017
5 766
5 284
5 1018
5 669
5 1019
5 425
5 534
5 459
5 778
5 177
5 780
5 1020
5 49
5 1021
5 529
5 1022
5 1023
5 785
6 7
6 8
7 9
7 26
7 29
7 42
7 43
7 54
7 55
7 59
7 61
7 65
7 88
7 101
7 119
7 124
7 127
7 12
7 130
7 132
7 83
7 225
7 226
7 19
7 297
7 301
7 63
7 312
7 317
7 320
7 327
7 331
7 333
7 337
7 341
7 117
7 350
7 352
7 353
7 360
7 362
7 363
7 389
7 394
7 10
7 401
7 406
7 408
7 375
7 306
7 412
7 334
7 413
7 414
7 27
7 66
7 415
7 416
7 417
7 418
7 109
7 98
7 419
7 420
7 421
7 422
7 423
7 424
7 425
7 311
7 385
7 140
7 426
7 427
7 428
7 429
7 348
7 430
7 241
7 273
7 431
7 432
7 162
7 433
7 71
7 434
7 435
7 436
7 245
7 89
7 437
7 171
7 438
7 439
7 366
7 23
7 440
7 173
7 308
7 441
7 92
7 442
7 443
7 444
7 445
7 107
7 446
7 180
7 447
7 15
7 448
7 449
7 450
7 451
7 14
7 452
7 453
7 188
7 454
7 67
7 455
7 456
7 457
7 458
7 459
7 460
7 461
7 196
7 462
7 31
7 463
7 464
7 465
7 466
7 467
7 468
7 469
7 470
7 28
7 471
7 472
7 473
7 126
7 209
7 474
7 475
7 476
7 477
7 478
7 479
7 387
7 480
7 289
7 215
7 481
7 482
7 32
7 483
7 484
7 485
7 486
7 487
7 488
7 489
7 490
7 491
7 492
7 493
7 141
7 70
7 94
7 494
7 256
7 495
7 220
7 496
7 497
7 498
7 499
7 500
7 501
7 502
7 503
7 504
7 505
7 506
7 507
7 508
7 95
7 509
7 159
7 510
7 511
7 512
7 513
7 244
7 514
7 216
7 60
7 515
7 516
7 517
7 518
7 519
7 520
7 521
7 522
7 523
7 175
7 176
7 213
7 524
7 525
7 526
7 179
7 527
7 528
7 529
7 530
7 531
7 532
7 533
7 534
7 535
7 536
7 537
7 538
7 539
7 17
7 540
7 541
7 542
7 543
7 544
7 545
7 16
7 546
7 547
7 548
7 549
7 550
7 551
7 552
7 77
7 553
7 554
7 555
7 556
7 557
7 558
7 559
7 560
7 203
7 561
7 562
7 563
7 564
7 565
7 566
7 567
7 568
7 569
7 46
7 570
7 571
7 572
7 573
7 574
7 20
7 575
7 576
7 368
7 577
7 578
7 403
7 44
7 579
7 580
7 581
7 582
7 583
7 584
7 585
7 586
7 587
7 588
7 589
7 303
7 590
7 591
7 592
7 593
7 594
7 392
7 595
7 596
7 597
7 598
7 599
7 147
7 600
7 601
7 602
7 603
7 367
7 604
7 605
7 606
7 607
7 608
7 609
7 610
7 115
7 393
7 611
7 612
7 321
7 613
7 399
7 186
7 614
7 615
7 616
7 230
7 163
7 617
7 618
7 619
7 620
7 621
7 622
7 623
7 624
7 125
7 625
7 626
7 388
7 627
7 628
7 78
7 219
7 262
7 629
7 322
7 402
7 630
7 631
7 632
7 633
7 634
7 310
7 635
7 184
7 636
7 637
7 45
7 638
7 639
7 640
7 641
7 642
7 643
7 644
7 365
7 259
7 645
7 646
7 647
7 648
7 649
7 650
7 355
7 22
7 651
7 652
7 653
7 654
7 86
7 655
7 656
7 657
7 74
7 658
7 659
7 18
7 49
7 660
7 53
7 661
7 72
7 662
7 663
7 664
7 665
7 344
7 666
7 286
7 113
7 667
7 668
7 669
7 670
7 11
7 671
7 672
7 673
7 674
7 675
7 676
7 677
7 84
7 291
7 678
7 99
7 679
7 122
7 680
7 681
7 682
7 683
7 378
7 153
7 104
7 232
7 684
7 685
7 686
7 687
7 688
7 689
7 690
7 691
7 692
7 361
7 693
7 694
7 695
7 696
7 697
7 698
7 699
7 700
7 701
7 702
7 703
7 704
7 85
7 33
7 705
7 706
7 707
7 239
7 708
7 709
7 710
7 711
7 712
7 713
7 714
7 715
7 716
7 717
7 221
7 356
7 718
7 719
7 720
7 721
7 397
7 722
7 723
7 724
7 725
7 726
7 131
7 35
7 727
7 728
7 149
7 729
7 177
7 730
7 731
7 235
7 732
7 733
7 734
7 735
7 736
7 379
7 737
7 738
7 739
7 227
7 740
7 741
7 742
7 743
7 744
7 745
7 746
7 747
7 748
7 749
7 750
7 751
7 752
7 753
7 754
7 755
7 756
7 757
7 199
7 758
7 759
7 760
7 761
7 762
7 8
7 763
7 283
7 764
7 765
7 766
7 767
7 768
7 769
7 770
7 771
7 772
7 773
7 774
7 775
7 776
7 777
7 778
7 779
7 296
7 780
7 298
7 781
7 782
7 290
7 783
7 784
7 82
7 785
8 9
8 29
8 12
8 312
8 317
8 362
8 363
8 389
8 10
8 113
8 670
8 826
8 831
8 303
8 230
8 641
8 626
8 631
8 365
8 22
8 11
8 698
8 614
8 720
8 14
8 741
8 572
8 311
8 366
8 27
8 107
8 28
8 215
8 32
8 141
8 1286
8 1344
8 399
8 18
8 688
8 306
8 176
8 382
8 442
8 475
8 496
8 833
8 77
8 432
8 575
8 368
8 115
8 448
8 700
8 827
8 452
8 673
8 33
8 727
8 1489
8 179
8 447
8 94
8 227
8 31
8 658
8 616
8 433
8 551
8 503
8 534
8 674
8 1490
9 10
9 11
9 12
10 12
10 11
11 26
11 58
11 59
11 12
11 317
11 342
11 362
11 363
11 389
11 113
11 781
11 303
11 230
11 631
11 22
11 306
11 451
11 141
11 94
11 227
11 532
11 14
11 1082
11 1103
11 1104
11 496
11 215
11 472
11 673
11 597
11 1105
11 388
11 311
11 31
11 643
11 115
11 77
11 176
11 439
11 399
11 28
11 18
11 512
11 433
11 1106
11 60
11 1107
11 551
11 1108
11 1109
11 46
11 475
11 1110
11 387
11 368
11 27
11 44
11 674
11 783
11 720
11 526
11 32
11 1111
11 366
13 14
13 15
13 16
13 17
13 18
13 19
13 20
14 26
14 39
14 48
14 124
14 132
14 225
14 19
14 271
14 63
14 331
14 411
14 794
14 535
14 821
14 836
14 579
14 35
14 877
14 596
14 1035
14 262
14 1049
14 184
14 1064
14 1065
14 22
14 1122
14 356
14 443
14 84
14 908
14 491
14 140
14 104
14 141
14 94
14 1004
14 415
14 15
14 910
14 109
14 1146
14 1147
14 256
14 367
14 310
14 911
14 702
14 1148
14 1149
14 1150
14 1151
14 239
14 1132
14 399
14 508
14 714
14 1152
14 878
14 619
14 1153
14 244
14 435
14 864
14 20
14 125
14 23
14 79
14 479
14 92
14 462
14 27
14 179
14 731
14 107
14 1154
14 259
14 1155
14 533
14 182
14 1137
14 1156
14 17
14 105
14 1157
14 542
14 1158
14 191
14 1159
14 16
14 647
14 277
14 754
14 215
14 196
14 1160
14 355
14 31
14 929
14 77
14 528
14 1161
14 67
14 1162
14 28
14 1163
14 18
14 471
14 205
14 1164
14 1165
14 1166
14 1167
14 459
14 1168
14 286
14 1169
14 1142
14 287
14 671
14 368
14 298
14 49
14 44
14 1170
14 1171
14 1172
14 483
14 1173
15 19
15 35
15 235
15 84
15 661
15 140
15 20
15 310
15 18
15 49
15 67
15 256
15 16
15 77
15 17
15 94
16 124
16 132
16 19
16 404
16 794
16 693
16 129
16 35
16 925
16 262
16 184
16 22
16 667
16 292
16 443
16 84
16 1015
16 661
16 738
16 424
16 311
16 107
16 1246
16 196
16 215
16 32
16 141
16 1280
16 1288
16 1153
16 405
16 20
16 125
16 293
16 1138
16 18
16 867
16 992
16 795
16 182
16 49
16 753
16 199
16 259
16 180
16 1366
16 67
16 126
16 508
16 179
16 1118
16 498
16 237
16 17
16 642
16 252
16 926
16 889
16 751
16 1469
16 1470
16 104
16 77
16 612
16 94
16 273
16 283
16 241
16 460
16 205
16 284
16 860
16 1460
16 1297
16 666
16 735
16 250
16 767
16 291
17 120
17 123
17 132
17 19
17 270
17 271
17 331
17 135
17 358
17 363
17 395
17 281
17 407
17 787
17 794
17 797
17 121
17 842
17 35
17 870
17 876
17 628
17 1046
17 1049
17 184
17 1057
17 22
17 1090
17 1096
17 1123
17 84
17 1176
17 198
17 1187
17 1192
17 197
17 311
17 426
17 1212
17 436
17 247
17 27
17 107
17 1245
17 196
17 215
17 32
17 141
17 144
17 1295
17 1338
17 261
17 254
17 954
17 282
17 140
17 1250
17 20
17 125
17 1055
17 18
17 122
17 1434
17 788
17 239
17 1234
17 182
17 49
17 1449
17 1134
17 359
17 1252
17 864
17 258
17 256
17 264
17 843
17 185
17 191
17 77
17 1412
17 853
17 201
17 208
17 1482
17 1483
17 154
17 283
17 397
17 1361
17 278
17 888
17 1497
17 162
17 1498
17 1502
17 471
17 214
17 1471
17 324
17 179
17 104
17 232
17 94
17 1297
17 1131
17 161
17 263
17 400
17 1282
17 194
17 205
17 206
17 1506
17 980
17 296
17 298
17 1421
18 29
18 47
18 101
18 118
18 119
18 124
18 132
18 224
18 228
18 19
18 271
18 63
18 313
18 335
18 339
18 350
18 217
18 372
18 373
18 363
18 389
18 395
18 505
18 113
18 790
18 809
18 816
18 818
18 240
18 824
18 831
18 579
18 203
18 566
18 847
18 571
18 35
18 872
18 580
18 581
18 303
18 601
18 230
18 834
18 626
18 582
18 628
18 262
18 1047
18 184
18 268
18 1062
18 22
18 1094
18 1114
18 676
18 678
18 1124
18 356
18 443
18 84
18 1144
18 578
18 754
18 1174
18 1176
18 198
18 1177
18 761
18 1179
18 220
18 1184
18 384
18 30
18 1189
18 1193
18 311
18 1207
18 426
18 1209
18 1210
18 1212
18 436
18 245
18 171
18 247
18 366
18 23
18 792
18 27
18 1224
18 107
18 181
18 899
18 188
18 1084
18 196
18 28
18 1255
18 215
18 32
18 141
18 144
18 1285
18 1288
18 1153
18 1295
18 523
18 254
18 1342
18 1214
18 289
18 861
18 746
18 1345
18 557
18 304
18 1283
18 1347
18 140
18 1250
18 944
18 145
18 20
18 367
18 399
18 1356
18 1357
18 1360
18 125
18 832
18 633
18 310
18 1367
18 1263
18 1148
18 66
18 1361
18 306
18 588
18 414
18 155
18 454
18 1226
18 888
18 1048
18 1297
18 1369
18 1370
18 607
18 1371
18 115
18 1372
18 1175
18 1373
18 321
18 241
18 616
18 1374
18 1072
18 201
18 957
18 1043
18 246
18 94
18 1375
18 77
18 1268
18 1376
18 79
18 1264
18 92
18 250
18 1377
18 274
18 1378
18 99
18 1379
18 897
18 1380
18 726
18 1381
18 1382
18 1383
18 1384
18 462
18 355
18 1385
18 31
18 465
18 1386
18 1309
18 67
18 471
18 205
18 126
18 1312
18 53
18 493
18 377
18 286
18 1253
18 1387
18 1388
18 213
18 1389
18 1390
18 1391
18 1392
18 1393
18 122
18 782
18 1394
18 697
18 599
18 608
18 104
18 1395
18 1396
18 1397
18 1256
18 791
18 991
18 194
18 1398
18 1203
18 1130
18 1399
18 702
18 703
18 1400
18 1220
18 1071
18 788
18 1401
18 1402
18 1403
18 444
18 756
18 244
18 214
18 833
18 1404
18 1405
18 1225
18 1406
18 251
18 153
18 357
18 1235
18 1150
18 256
18 179
18 258
18 498
18 1407
18 687
18 1008
18 227
18 1408
18 929
18 1058
18 191
18 71
18 1409
18 1410
18 1011
18 1103
18 199
18 1411
18 620
18 1412
18 189
18 1413
18 162
18 561
18 1249
18 765
18 767
18 1414
18 932
18 933
18 1415
18 425
18 1416
18 1417
18 1418
18 86
18 1419
18 397
18 1420
18 177
18 368
18 298
18 825
18 49
18 1421
18 1227
18 1337
19 132
19 138
19 104
19 231
19 232
19 141
19 94
19 143
19 144
19 20
19 233
19 234
19 235
19 236
19 237
19 238
19 239
19 240
19 241
19 242
19 161
19 243
19 244
19 245
19 170
19 246
19 247
19 125
19 248
19 249
19 250
19 251
19 252
19 253
19 254
19 107
19 255
19 179
19 256
19 257
19 258
19 180
19 259
19 260
19 261
19 262
19 263
19 264
19 184
19 265
19 185
19 266
19 267
19 268
19 269
19 270
19 271
19 272
19 273
19 49
19 274
19 275
19 276
19 277
19 196
19 278
19 279
19 22
19 199
19 31
19 77
19 280
19 281
19 282
19 283
19 67
19 205
19 284
19 32
19 126
19 209
19 285
19 286
19 35
19 177
19 287
19 288
19 289
19 215
19 290
19 84
19 291
19 292
19 293
20 35
20 184
20 268
20 22
20 1090
20 84
20 424
20 215
20 141
20 1288
20 67
20 1143
20 94
20 256
20 1058
20 77
20 1349
20 1350
20 49
20 1351
20 179
20 274
21 22
21 23
22 29
22 34
22 87
22 132
22 63
22 351
22 363
22 398
22 406
22 410
22 505
22 802
22 803
22 804
22 670
22 35
22 581
22 584
22 303
22 1028
22 393
22 1038
22 1039
22 641
22 626
22 582
22 184
22 1066
22 66
22 682
22 490
22 306
22 140
22 104
22 94
22 1067
22 886
22 256
22 355
22 889
22 850
22 214
22 1068
22 367
22 697
22 605
22 606
22 139
22 311
22 141
22 702
22 703
22 1069
22 1070
22 1071
22 399
22 714
22 514
22 1072
22 1017
22 1033
22 717
22 1073
22 356
22 623
22 913
22 1074
22 1075
22 23
22 79
22 443
22 1076
22 92
22 813
22 1077
22 1078
22 27
22 444
22 107
22 1079
22 388
22 99
22 633
22 1080
22 310
22 244
22 84
22 726
22 227
22 742
22 743
22 1081
22 1082
22 495
22 746
22 747
22 455
22 782
22 687
22 1083
22 459
22 1042
22 1084
22 548
22 1085
22 1012
22 31
22 160
22 561
22 460
22 1086
22 472
22 660
22 53
22 715
22 32
22 481
22 425
22 701
22 774
22 304
22 368
22 578
22 741
22 289
22 49
22 44
22 215
22 957
22 1087
22 1088
22 1089
23 63
23 443
23 1189
23 1218
23 310
23 304
23 94
23 31
23 1219
23 1220
23 355
24 25
26 27
26 28
27 112
27 301
27 117
27 350
27 363
27 113
27 670
27 817
27 35
27 584
27 303
27 230
27 641
27 680
27 741
27 311
27 436
27 366
27 689
27 608
27 898
27 141
27 94
27 726
27 227
27 539
27 699
27 493
27 496
27 456
27 602
27 28
27 423
27 278
27 700
27 31
27 115
27 534
27 33
27 176
27 428
27 1221
27 95
27 616
27 662
27 306
27 622
27 1222
27 368
27 765
27 32
27 1223
27 99
28 362
28 230
28 761
28 311
28 1201
28 939
28 608
28 94
28 31
28 115
28 32
28 227
28 942
29 30
29 31
29 32
29 33
30 32
31 42
31 55
31 119
31 127
31 132
31 226
31 63
31 312
31 317
31 362
31 363
31 113
31 670
31 814
31 129
31 580
31 781
31 303
31 1024
31 909
31 393
31 230
31 641
31 626
31 629
31 630
31 631
31 365
31 660
31 1113
31 686
31 698
31 704
31 996
31 720
31 84
31 741
31 552
31 754
31 375
31 449
31 311
31 366
31 478
31 1257
31 215
31 32
31 484
31 141
31 1204
31 914
31 1339
31 539
31 548
31 939
31 597
31 1353
31 603
31 388
31 609
31 938
31 882
31 633
31 53
31 481
31 1422
31 688
31 306
31 1441
31 747
31 1278
31 759
31 669
31 139
31 176
31 385
31 635
31 657
31 475
31 608
31 1465
31 495
31 497
31 77
31 930
31 575
31 368
31 592
31 115
31 448
31 962
31 99
31 700
31 1036
31 648
31 655
31 1478
31 1202
31 673
31 33
31 1487
31 727
31 755
31 773
31 889
31 1495
31 104
31 94
31 1316
31 604
31 500
31 428
31 1496
31 241
31 616
31 510
31 302
31 433
31 439
31 274
31 742
31 534
31 227
31 750
31 503
31 1106
31 387
31 1081
31 674
31 1490
32 50
32 132
32 226
32 301
32 349
32 362
32 363
32 389
32 811
32 670
32 814
32 129
32 566
32 35
32 871
32 580
32 303
32 1026
32 851
32 393
32 230
32 641
32 184
32 1059
32 338
32 660
32 996
32 84
32 761
32 311
32 366
32 107
32 478
32 215
32 633
32 608
32 1265
32 104
32 141
32 931
32 94
32 256
32 988
32 894
32 889
32 147
32 948
32 997
32 949
32 391
32 602
32 500
32 607
32 852
32 502
32 115
32 156
32 1266
32 616
32 712
32 1017
32 306
32 958
32 392
32 959
32 52
32 1267
32 439
32 1268
32 939
32 1000
32 176
32 1269
32 227
32 921
32 274
32 1270
32 99
32 924
32 390
32 310
32 843
32 735
32 970
32 1271
32 747
32 645
32 191
32 648
32 1272
32 928
32 651
32 1013
32 53
32 978
32 480
32 1273
32 1204
32 983
32 368
32 49
32 44
32 1274
32 1275
32 942
33 741
34 35
34 36
34 37
34 38
35 132
35 281
35 404
35 584
35 104
35 141
35 94
35 144
35 405
35 197
35 849
35 850
35 367
35 851
35 852
35 788
35 239
35 163
35 853
35 854
35 619
35 216
35 855
35 245
35 247
35 79
35 856
35 582
35 213
35 857
35 262
35 858
35 179
35 107
35 258
35 310
35 184
35 859
35 735
35 860
35 185
35 266
35 177
35 861
35 644
35 191
35 862
35 195
35 196
35 863
35 77
35 864
35 471
35 283
35 67
35 460
35 865
35 866
35 206
35 867
35 53
35 220
35 286
35 397
35 479
35 253
35 528
35 780
35 400
35 741
35 49
35 215
35 868
35 84
40 41
43 44
43 45
43 46
44 579
44 141
44 593
44 399
44 306
44 46
44 368
44 682
44 45
44 94
45 46
45 368
45 296
46 296
46 368
48 49
49 65
49 101
49 132
49 326
49 797
49 73
49 262
49 184
49 1119
49 1125
49 84
49 220
49 197
49 1206
49 1208
49 107
49 1246
49 1247
49 196
49 1255
49 80
49 141
49 1289
49 1153
49 261
49 289
49 1346
49 125
49 1363
49 287
49 310
49 1120
49 1312
49 72
49 1432
49 989
49 1256
49 239
49 182
49 66
49 770
49 334
49 70
49 94
49 886
49 79
49 947
49 1388
49 1370
49 508
49 541
49 68
49 161
49 163
49 1442
49 1443
49 179
49 69
49 266
49 1444
49 1139
49 71
49 1362
49 462
49 77
49 189
49 1310
49 659
49 206
49 1445
49 768
49 274
49 286
49 1334
49 76
49 892
49 1433
49 75
49 86
50 51
50 52
50 53
51 53
52 349
52 844
52 310
52 227
53 63
53 310
53 305
53 309
53 94
56 57
59 60
60 1294
62 63
63 304
63 215
63 305
63 306
63 307
63 308
63 309
63 94
63 310
63 311
63 227
65 66
65 67
65 68
65 69
65 70
65 71
65 72
65 73
65 74
65 75
65 76
65 77
65 78
65 79
65 80
65 81
65 82
65 83
65 84
65 85
65 86
66 820
66 81
66 107
66 80
66 86
66 1484
66 1492
66 79
66 1305
66 71
66 94
66 1493
67 535
67 184
67 84
67 738
67 1457
67 259
67 1461
67 666
67 461
67 491
67 77
67 179
68 73
68 72
68 75
68 86
68 69
68 76
69 73
69 75
69 86
69 76
70 326
70 1363
70 1503
70 770
71 81
71 80
71 86
71 79
71 1442
72 73
72 76
72 544
72 86
72 75
73 76
73 86
73 75
74 83
74 262
74 685
74 220
75 76
75 86
76 86
77 132
77 794
77 262
77 184
77 235
77 84
77 1209
77 107
77 215
77 141
77 1154
77 523
77 125
77 182
77 199
77 248
77 508
77 205
77 94
77 462
77 78
78 1065
78 296
79 81
79 220
79 107
79 80
79 910
79 86
79 947
79 286
79 94
79 1442
80 81
80 262
80 86
81 86
82 401
82 829
82 402
82 296
82 403
83 218
83 219
83 220
83 221
83 222
83 223
84 101
84 132
84 279
84 394
84 794
84 797
84 535
84 822
84 693
84 203
84 956
84 184
84 646
84 667
84 288
84 1126
84 255
84 1129
84 491
84 140
84 141
84 334
84 461
84 94
84 256
84 109
84 888
84 947
84 989
84 263
84 1130
84 823
84 588
84 1131
84 1054
84 612
84 239
84 1132
84 508
84 1133
84 161
84 1134
84 1135
84 125
84 261
84 175
84 179
84 795
84 1136
84 1137
84 1138
84 1052
84 289
84 105
84 926
84 1139
84 645
84 274
84 753
84 277
84 1140
84 196
84 197
84 199
84 280
84 283
84 205
84 206
84 768
84 934
84 107
84 666
84 286
84 1141
84 1142
84 213
84 215
84 1143
84 1023
86 215
86 310
86 1293
86 1442
88 89
90 91
90 92
91 92
92 490
92 969
92 368
92 671
92 472
92 94
93 94
93 95
93 96
93 97
93 98
93 99
94 100
94 101
94 111
94 132
94 228
94 318
94 329
94 341
94 354
94 135
94 362
94 505
94 159
94 820
94 822
94 839
94 203
94 129
94 842
94 672
94 303
94 1027
94 1029
94 1032
94 184
94 268
94 1065
94 649
94 1090
94 344
94 1112
94 356
94 173
94 443
94 1144
94 578
94 229
94 1010
94 754
94 766
94 220
94 661
94 375
94 330
94 417
94 1196
94 1200
94 311
94 435
94 436
94 1216
94 1217
94 107
94 1242
94 1247
94 196
94 215
94 490
94 141
94 1280
94 1284
94 1288
94 1289
94 261
94 289
94 709
94 746
94 304
94 1213
94 569
94 1348
94 942
94 367
94 613
94 399
94 242
94 125
94 287
94 633
94 310
94 1148
94 679
94 1431
94 697
94 715
94 1436
94 306
94 182
94 748
94 1446
94 199
94 669
94 425
94 1264
94 98
94 180
94 1462
94 910
94 911
94 95
94 687
94 917
94 522
94 1235
94 496
94 843
94 1058
94 1472
94 368
94 1473
94 947
94 448
94 1476
94 99
94 967
94 881
94 645
94 286
94 671
94 1197
94 1481
94 1330
94 1491
94 177
94 1371
94 889
94 433
94 97
94 308
94 897
94 860
94 726
94 756
94 462
94 209
94 493
94 357
94 511
94 244
94 768
94 227
94 179
94 612
94 926
94 218
94 1349
94 1507
94 634
94 273
94 561
94 936
94 1296
94 1350
94 1023
94 1470
94 1297
94 607
94 161
94 1508
94 1281
94 1103
94 355
94 658
94 659
94 206
94 104
94 263
94 703
94 1005
94 1509
94 745
94 1510
94 284
94 298
95 311
95 96
95 98
95 97
95 99
96 97
96 99
97 99
98 311
98 99
99 362
99 363
99 203
99 129
99 303
99 393
99 311
99 366
99 141
99 369
99 306
99 747
99 368
99 115
99 433
99 227
99 364
99 476
101 102
101 103
101 104
101 105
101 106
101 107
101 108
101 109
102 106
102 107
102 944
102 108
102 103
103 1128
103 107
103 459
103 108
103 1228
104 132
104 395
104 879
104 184
104 1193
104 311
104 171
104 196
104 1251
104 1250
104 1449
104 109
104 256
104 889
104 227
104 179
104 298
105 1243
105 1244
106 107
107 110
107 132
107 135
107 810
107 202
107 184
107 197
107 1199
107 1161
107 259
107 141
107 944
107 1228
107 215
107 1195
107 1229
107 1230
107 108
107 1231
107 508
107 904
107 927
107 890
107 1232
107 459
107 274
107 125
107 177
107 293
107 1233
107 1234
107 1235
107 1236
107 1237
107 179
107 1238
107 1239
109 188
109 712
109 256
112 113
112 114
112 115
112 116
112 117
113 786
113 115
113 241
113 656
113 700
113 141
113 348
113 539
113 526
113 176
114 115
115 362
115 363
115 303
115 230
115 365
115 311
115 366
115 141
115 306
115 176
115 1467
115 621
115 227
115 179
117 348
120 121
120 122
121 122
122 124
122 224
122 271
122 319
122 1183
122 215
122 1426
122 1427
122 1249
122 1016
122 126
122 1417
122 1430
122 1406
122 1380
122 1369
122 675
122 179
124 125
124 126
125 132
125 184
125 1290
125 1153
125 140
125 508
125 1361
125 1137
125 1297
125 1362
126 141
126 241
126 453
126 179
128 129
129 306
129 311
129 747
129 303
130 131
132 133
132 134
132 135
132 136
132 137
132 138
132 139
132 140
132 141
132 142
132 143
132 144
132 145
132 146
132 147
132 148
132 149
132 150
132 151
132 152
132 153
132 154
132 155
132 156
132 157
132 158
132 159
132 160
132 161
132 162
132 163
132 164
132 165
132 166
132 167
132 168
132 169
132 170
132 171
132 172
132 173
132 174
132 175
132 176
132 177
132 178
132 179
132 180
132 181
132 182
132 183
132 184
132 185
132 186
132 187
132 188
132 189
132 190
132 191
132 192
132 193
132 194
132 195
132 196
132 197
132 198
132 199
132 200
132 201
132 202
132 203
132 204
132 205
132 206
132 207
132 208
132 209
132 210
132 211
132 212
132 213
132 214
132 215
132 216
132 217
133 152
137 202
137 164
137 181
139 208
139 179
139 191
139 495
140 459
140 1291
140 256
141 315
141 350
141 362
141 363
141 203
141 580
141 303
141 230
141 1046
141 631
141 184
141 1090
141 197
141 311
141 366
141 478
141 490
141 682
141 608
141 232
141 227
141 256
141 748
141 377
141 939
141 310
141 759
141 316
141 1277
141 239
141 241
141 616
141 1278
141 206
141 534
141 936
141 1279
141 368
141 921
141 179
142 213
143 179
143 170
144 247
144 196
144 191
144 853
144 1282
144 179
144 1283
145 151
145 200
146 151
146 161
147 978
148 200
151 161
151 200
152 184
154 191
154 179
158 195
161 235
161 1280
161 261
161 239
161 634
161 1281
163 216
163 1005
164 202
167 174
169 185
170 179
171 1193
171 599
171 179
176 317
176 363
176 311
176 450
176 385
176 227
177 649
177 459
177 368
177 1230
177 1494
179 271
179 370
179 363
179 816
179 535
179 184
179 1091
179 1117
179 1295
179 1432
179 1366
179 479
179 910
179 191
179 1412
179 1474
179 208
179 286
179 377
179 1380
179 1249
179 1226
179 846
179 214
179 1390
179 1471
179 491
179 926
179 273
179 1460
179 980
179 1118
179 1433
179 274
181 187
181 194
182 794
182 220
182 205
184 270
184 279
184 794
184 908
184 239
184 588
184 232
184 1052
184 196
184 1053
184 234
184 199
184 280
184 1054
184 1055
184 283
184 1056
184 460
184 205
184 619
184 980
184 245
184 795
184 981
184 443
184 735
184 261
184 288
184 282
185 787
185 793
185 789
185 788
185 1468
191 208
196 797
196 1212
196 239
196 1249
196 1250
196 1251
196 1252
196 888
196 1253
196 397
196 298
196 286
197 213
197 1194
197 206
197 1195
197 1131
199 571
199 262
199 523
199 232
199 237
202 840
203 311
203 672
204 207
205 794
206 1313
206 239
213 367
214 367
214 1297
215 336
215 805
215 292
215 443
215 311
215 1068
215 1137
215 755
215 1258
215 753
215 1259
215 1260
215 459
215 1110
215 1261
215 1262
215 1263
215 252
215 1264
215 296
219 560
219 220
220 225
220 1119
220 1180
220 1181
220 490
220 1120
220 274
220 1182
226 227
227 301
227 362
227 363
227 303
227 393
227 230
227 660
227 996
227 311
227 366
227 898
227 939
227 367
227 399
227 306
227 985
227 368
227 889
227 433
227 674
228 229
228 230
230 362
230 363
230 885
230 365
230 366
230 1036
230 963
230 311
230 1037
232 1337
234 261
239 279
239 262
239 288
239 862
239 261
239 367
239 283
239 460
239 1435
239 280
241 498
241 453
244 330
244 968
245 790
245 283
245 275
245 792
245 619
245 791
245 1213
247 1214
247 853
250 767
256 337
256 582
256 338
256 367
256 1274
256 1434
259 508
261 270
261 279
261 288
261 1280
261 283
261 282
261 1281
261 634
261 280
262 798
262 571
262 634
262 685
262 463
262 523
262 649
262 1044
262 1045
267 290
268 1058
270 283
270 282
271 298
271 278
272 277
273 435
273 1366
273 910
273 926
273 1460
273 658
273 1118
274 1255
274 1256
274 1463
274 1143
277 1052
279 283
279 280
279 288
280 288
280 283
281 400
282 283
283 288
283 619
286 435
286 910
294 295
294 296
295 296
296 1065
296 829
298 1212
298 1250
298 1249
298 397
298 471
301 302
301 303
303 363
303 880
303 375
303 608
303 399
303 881
303 882
303 883
303 306
303 311
303 759
303 366
303 884
305 310
305 309
306 362
306 363
306 311
306 366
306 367
306 496
306 1437
306 432
306 747
306 368
306 500
306 991
308 468
309 310
310 661
310 712
310 859
310 854
310 1365
311 362
311 363
311 808
311 670
311 393
311 626
311 365
311 378
311 996
311 375
311 634
311 608
311 883
311 899
311 1201
311 1202
311 747
311 889
311 882
311 648
311 500
311 1011
311 607
311 1203
311 759
311 1004
311 321
311 366
311 433
311 669
311 907
311 1204
311 476
311 368
311 919
311 379
311 1205
311 1001
315 316
320 321
320 322
321 1011
323 324
329 330
330 726
330 448
333 334
337 338
339 340
343 344
344 1097
344 1098
344 1099
344 1100
345 346
345 347
346 347
348 700
348 656
354 355
354 356
354 357
355 356
355 443
355 425
355 357
356 533
356 368
356 357
358 359
360 361
362 363
362 364
362 365
362 366
362 367
362 368
362 369
363 374
363 366
363 375
363 376
363 377
363 378
363 379
363 380
363 364
363 381
363 382
363 383
363 369
363 384
363 385
363 386
363 387
363 388
364 366
364 369
366 1215
366 1036
366 369
367 802
367 1343
367 1354
368 781
368 626
368 759
368 425
368 1020
368 482
368 608
368 533
368 496
368 570
368 575
368 673
368 643
368 503
368 428
375 881
376 381
376 380
378 379
380 381
387 597
387 388
387 433
388 597
388 433
389 390
389 391
389 392
389 393
391 392
392 811
393 448
393 1033
393 433
393 996
393 1034
395 396
395 397
396 397
397 1488
397 1249
398 399
399 631
399 490
399 496
399 475
399 551
401 402
401 403
402 403
404 405
415 912
425 1440
425 645
426 876
433 597
435 1121
435 910
436 493
439 633
440 507
445 690
447 626
448 930
448 575
448 952
448 673
448 1012
456 496
456 662
459 1128
459 927
459 1291
459 1230
460 862
460 867
462 1458
465 888
465 757
470 683
471 644
475 631
475 1353
475 496
475 673
475 551
478 580
482 575
483 647
486 909
490 1276
490 1020
490 969
491 535
493 937
495 1339
496 631
496 551
500 648
502 506
502 995
505 687
505 697
505 578
508 1206
508 1005
523 571
529 579
534 641
534 1352
534 1355
534 608
541 1178
542 613
551 631
561 746
561 697
561 687
561 703
561 1145
564 1326
565 760
575 673
576 869
576 736
578 687
578 703
578 697
578 1145
578 746
579 593
582 1042
584 741
595 712
606 717
606 701
607 1184
607 933
608 761
608 942
612 693
612 667
612 753
613 1216
616 831
616 704
619 908
623 689
625 664
626 682
627 745
628 1043
634 1280
634 1281
641 669
642 1280
643 781
643 673
645 1196
645 1197
651 924
651 988
656 700
667 693
667 753
670 813
673 781
674 1111
674 750
687 746
687 697
687 703
693 753
697 746
697 703
701 717
703 746
709 745
712 1060
712 1061
715 1364
740 772
745 1396
745 768
745 1310
753 1137
759 883
761 942
768 848
768 1438
768 1439
785 1188
787 788
787 789
788 789
790 791
790 792
791 792
794 795
799 800
799 801
800 801
806 807
822 823
824 825
826 827
831 832
831 833
831 834
837 838
842 843
845 846
873 874
873 875
874 875
877 878
885 963
888 1482
889 1441
889 1450
896 905
914 939
921 1013
921 970
924 988
926 1117
926 1366
926 1460
926 1118
932 993
933 1184
949 1271
949 1270
952 1012
957 966
964 1005
970 1013
979 998
987 1003
996 997
1005 1368
1005 1310
1017 1115
1017 1116
1024 1025
1030 1031
1040 1041
1047 1048
1050 1051
1060 1061
1092 1093
1101 1102
1115 1116
1117 1118
1118 1366
1118 1460
1119 1120
1132 1153
1138 1366
1139 1362
1159 1164
1174 1175
1185 1186
1190 1191
1196 1197
1218 1219
1224 1225
1224 1226
1224 1227
1225 1226
1225 1227
1226 1227
1240 1241
1255 1256
1259 1263
1268 1477
1270 1271
1280 1281
1292 1293
1296 1330
1319 1466
1340 1341
1358 1359
1362 1501
1366 1460
1406 1426
1406 1427
1412 1471
1423 1424
1423 1425
1424 1425
1426 1427
1428 1429
1432 1433
1438 1439
1447 1448
1451 1452
1453 1454
1455 1456
1463 1464
1479 1480
1485 1486
1492 1493
1499 1500
1504 1505
