0 518
0 978
1 789
1 218
1 1052
1 117
1 1118
2 108
2 297
2 117
2 41
2 1118
3 352
3 218
3 1308
3 914
3 1288
3 657
3 49
3 587
4 283
4 518
4 436
5 1185
6 352
6 440
6 117
6 297
6 470
7 390
7 283
7 518
7 1161
7 482
7 657
7 1072
7 117
7 218
7 1118
8 283
8 197
8 1421
8 218
8 792
8 169
9 352
9 518
10 896
11 117
11 1161
12 940
12 1025
12 117
12 932
13 657
14 733
14 352
15 641
15 218
15 518
15 482
15 1155
15 659
16 117
17 218
17 117
17 1161
18 303
18 518
19 297
20 297
20 218
20 117
20 514
21 117
22 57
22 218
22 518
23 218
24 1325
24 833
24 1346
24 518
24 1008
24 1237
24 1324
24 661
24 133
24 654
24 841
24 1228
24 919
24 117
24 995
24 1178
24 218
24 733
24 480
24 239
24 173
24 44
24 349
24 1440
24 944
25 283
26 802
26 117
27 1195
27 1004
28 1360
28 218
28 876
28 580
28 1177
28 779
28 1000
29 1360
30 1360
30 117
30 1484
30 1142
30 657
30 1428
30 454
30 733
30 218
30 81
30 349
30 443
30 696
30 827
31 443
32 1360
33 120
33 533
33 218
33 967
33 440
33 1135
33 86
34 657
35 657
35 117
35 1161
36 1288
36 134
36 674
37 1288
38 218
38 674
38 914
38 352
38 657
38 117
38 623
38 836
39 117
39 1161
40 186
40 218
41 108
41 117
41 297
41 1118
42 1086
42 117
43 766
43 578
43 94
43 1049
43 406
43 212
43 769
43 581
43 1428
43 489
43 1447
43 1360
43 218
43 442
43 492
43 586
43 778
43 592
43 1433
43 1441
43 1335
43 227
43 1066
43 1427
43 1068
43 880
43 602
43 117
43 49
43 700
43 240
43 125
43 713
43 1348
43 1167
43 979
43 919
43 234
43 618
43 884
43 1354
43 1079
43 951
43 1266
43 430
43 623
43 518
43 808
43 341
43 712
43 891
43 780
43 1134
43 997
43 1277
43 443
43 815
43 447
43 724
43 264
43 265
43 905
43 352
43 1288
43 1344
43 273
43 453
43 1482
43 910
43 912
43 166
43 914
43 764
43 1435
43 461
43 462
43 402
43 365
43 283
43 741
43 1161
43 464
43 982
43 182
43 978
43 184
43 657
43 187
43 1401
43 1402
43 482
43 1404
43 1034
43 1225
43 76
43 1227
43 937
43 197
43 1414
43 1229
43 733
43 481
43 349
43 513
43 92
44 1287
44 254
44 654
44 377
44 335
44 1248
44 117
44 228
44 518
45 657
45 674
46 352
46 117
46 377
47 482
47 117
47 218
47 1276
47 1161
48 1360
48 657
48 359
48 218
48 243
49 212
49 1428
49 950
49 1429
49 489
49 1360
49 218
49 442
49 492
49 1308
49 587
49 223
49 1158
49 324
49 1341
49 1100
49 117
49 329
49 699
49 162
49 1165
49 611
49 1348
49 978
49 1351
49 1263
49 429
49 1266
49 804
49 431
49 623
49 518
49 809
49 1223
49 1182
49 1459
49 1090
49 296
49 526
49 443
49 347
49 1277
49 860
49 280
49 846
49 815
49 811
49 723
49 520
49 255
49 1374
49 873
49 265
49 925
49 905
49 1286
49 1181
49 1288
49 267
49 156
49 52
49 53
49 165
49 1305
49 733
49 1387
49 1289
49 914
49 1206
49 1141
49 462
49 1150
49 62
49 283
49 741
49 1161
49 919
49 1300
49 107
49 550
49 1119
49 833
49 657
49 1401
49 1493
49 482
49 836
49 1225
49 352
49 1409
49 1037
49 197
49 1134
49 631
49 302
49 538
49 481
49 384
49 349
49 1422
49 307
49 626
50 529
50 1503
51 117
52 1119
52 1288
52 265
52 520
52 550
53 1277
53 218
53 1288
53 657
53 352
53 1505
53 674
53 1150
54 218
54 518
55 218
56 218
56 1276
56 482
56 440
56 1488
56 117
56 216
57 558
57 481
57 866
57 436
57 711
57 657
57 1272
57 1180
57 1091
57 659
57 1360
57 634
57 283
57 411
57 1161
57 352
57 117
57 1276
57 218
58 117
58 1161
58 1118
59 657
60 218
61 831
61 489
62 699
62 1119
62 349
62 1300
62 265
62 520
62 302
63 297
63 117
63 1161
63 780
63 1118
64 1360
65 674
66 973
66 438
66 117
67 1267
68 218
69 733
69 1237
70 218
70 117
71 218
72 1360
72 397
73 1288
73 352
73 218
73 117
74 218
75 117
75 771
77 657
78 481
79 860
79 117
79 269
80 217
80 657
81 443
81 1484
82 1360
82 218
82 117
83 297
84 293
85 954
85 1326
86 440
86 117
86 1345
87 482
87 518
87 218
87 1155
88 657
88 218
88 117
88 489
88 440
89 283
90 218
90 117
91 218
91 117
92 657
93 1360
93 1391
93 218
93 336
93 1251
94 1288
94 443
94 1360
95 1288
95 818
96 117
96 320
97 470
97 711
97 243
97 489
97 1360
97 102
97 1276
97 1331
97 276
97 433
97 596
97 939
97 218
97 647
97 411
97 1161
97 1000
97 967
97 297
97 482
97 117
97 1118
98 1277
99 218
100 657
101 657
102 977
102 433
102 391
102 1282
102 216
102 1098
102 313
102 711
102 657
102 243
102 1473
102 489
102 1265
102 1277
102 218
102 1276
102 1331
102 1288
102 471
102 781
102 117
102 518
102 297
102 645
102 440
102 647
102 283
102 411
102 1161
102 385
102 967
102 482
102 790
102 415
102 1118
102 1463
102 780
102 600
102 1000
103 218
103 518
103 1465
103 498
103 619
103 482
103 657
103 236
103 117
103 297
103 1118
104 349
104 117
105 218
105 1314
105 1132
105 1288
105 657
105 1428
105 978
106 283
106 609
107 1288
107 1398
107 197
108 117
108 297
108 1118
109 258
109 117
109 571
109 173
110 567
110 197
110 914
111 283
111 117
112 1288
113 117
114 218
115 283
116 352
117 391
117 711
117 394
117 771
117 803
117 772
117 440
117 1325
117 814
117 775
117 399
117 777
117 827
117 779
117 1257
117 1163
117 782
117 1157
117 1392
117 410
117 755
117 411
117 790
117 581
117 414
117 463
117 1162
117 1159
117 1345
117 215
117 1165
117 1305
117 418
117 922
117 1167
117 1169
117 1324
117 424
117 427
117 428
117 429
117 802
117 226
117 430
117 805
117 1175
117 433
117 436
117 1179
117 341
117 1180
117 1466
117 1004
117 813
117 343
117 1284
117 128
117 443
117 1389
117 815
117 1186
117 1308
117 969
117 398
117 1085
117 451
117 352
117 1029
117 1196
117 453
117 776
117 833
117 822
117 1201
117 1203
117 719
117 510
117 1207
117 1208
117 462
117 1210
117 1161
117 403
117 495
117 1212
117 591
117 444
117 835
117 455
117 834
117 470
117 1219
117 1220
117 473
117 836
117 1225
117 518
117 475
117 840
117 1256
117 476
117 477
117 845
117 1463
117 847
117 538
117 481
117 662
117 849
117 482
117 850
117 483
117 574
117 484
117 597
117 1235
117 1074
117 486
117 1510
117 605
117 1236
117 489
117 1237
117 1360
117 1112
117 860
117 862
117 377
117 901
117 863
117 1281
117 499
117 1245
117 868
117 789
117 871
117 1410
117 118
117 119
117 1472
117 1254
117 875
117 876
117 124
117 125
117 1258
117 1260
117 1261
117 154
117 1263
117 844
117 513
117 514
117 136
117 885
117 138
117 1474
117 886
117 656
117 1475
117 890
117 521
117 891
117 780
117 1414
117 147
117 148
117 894
117 1277
117 895
117 1416
117 386
117 158
117 151
117 729
117 865
117 1487
117 155
117 906
117 974
117 907
117 536
117 1288
117 763
117 975
117 541
117 164
117 1231
117 196
117 914
117 214
117 986
117 544
117 170
117 172
117 1297
117 357
117 919
117 1301
117 988
117 797
117 1303
117 552
117 1108
117 553
117 800
117 184
117 1306
117 185
117 1310
117 929
117 734
117 189
117 613
117 562
117 563
117 932
117 934
117 193
117 371
117 936
117 568
117 587
117 938
117 198
117 939
117 200
117 351
117 571
117 940
117 181
117 206
117 207
117 252
117 576
117 210
117 579
117 400
117 213
117 1327
117 1328
117 216
117 994
117 774
117 952
117 543
117 953
117 619
117 220
117 221
117 589
117 956
117 1050
117 592
117 1334
117 224
117 960
117 595
117 596
117 1052
117 1338
117 490
117 1339
117 1340
117 856
117 218
117 601
117 1253
117 967
117 236
117 237
117 1279
117 973
117 608
117 609
117 1344
117 334
117 241
117 1293
117 243
117 978
117 979
117 1352
117 614
117 981
117 1299
117 1355
117 1356
117 667
117 1359
117 623
117 990
117 250
117 600
117 1477
117 253
117 995
117 254
117 255
117 256
117 438
117 258
117 260
117 261
117 1370
117 633
117 1304
117 634
117 806
117 265
117 1007
117 1056
117 1025
117 1011
117 270
117 271
117 249
117 1057
117 1382
117 1383
117 276
117 811
117 1016
117 279
117 1020
117 1021
117 282
117 1390
117 1391
117 283
117 1395
117 285
117 323
117 652
117 944
117 1027
117 1028
117 817
117 654
117 1399
117 1400
117 657
117 733
117 289
117 659
117 387
117 661
117 1032
117 1333
117 1407
117 1061
117 293
117 1036
117 1037
117 120
117 295
117 1183
117 752
117 146
117 297
117 1041
117 211
117 1063
117 1419
117 1224
117 305
117 923
117 349
117 1422
117 306
117 1000
117 673
117 674
117 309
117 311
117 1426
117 312
117 313
117 1427
117 1428
117 1429
117 624
117 316
117 317
117 882
117 678
117 679
117 1430
117 681
117 682
117 320
117 176
117 688
117 690
117 1315
117 691
117 322
117 1437
117 1003
117 1067
117 1069
117 1439
117 327
117 1440
117 1072
117 1073
117 330
117 325
117 699
117 1443
117 542
117 701
117 331
117 702
117 1444
117 1121
117 705
117 1076
117 685
117 335
117 336
117 709
117 1449
117 346
117 195
117 1132
117 1082
117 339
117 1454
117 1455
117 1193
117 1086
117 197
117 1089
117 344
117 1441
117 1146
117 1134
117 694
117 1093
117 324
117 348
117 1377
117 1194
117 1471
117 728
117 1473
117 1102
117 389
117 522
117 1276
117 354
117 355
117 1479
117 1480
117 356
117 1483
117 548
117 731
117 732
117 358
117 1311
117 1111
117 1321
117 737
117 362
117 1101
117 1198
117 1197
117 741
117 367
117 743
117 368
117 369
117 746
117 1118
117 1200
117 1119
117 372
117 1365
117 375
117 942
117 1271
117 753
117 1498
117 1125
117 1023
117 1127
117 379
117 1424
117 1130
117 1501
117 1502
117 468
117 1503
117 382
117 1505
117 208
117 1136
117 384
117 1138
117 1105
117 173
117 388
119 1360
119 882
119 283
119 518
119 657
119 691
119 351
120 686
120 967
120 1165
120 1028
120 1003
120 657
120 297
120 489
120 1345
120 440
120 1161
120 536
120 894
120 780
120 1118
121 1288
121 698
121 664
121 905
122 867
122 657
122 437
122 429
123 905
125 518
125 1360
126 919
126 1401
126 349
126 724
126 1288
126 352
126 265
126 914
126 720
127 518
128 1430
128 518
128 218
129 1288
129 733
129 349
129 462
130 255
131 1055
131 1368
131 218
132 596
132 283
133 733
133 1228
133 661
133 1346
133 944
133 1008
133 841
134 1288
134 674
135 283
137 283
139 481
140 1372
141 411
142 657
143 443
144 482
144 619
144 218
145 218
146 283
146 411
146 1161
146 482
146 440
146 333
146 218
146 1118
149 482
149 218
149 1161
150 218
152 1277
152 657
153 440
155 1277
155 833
155 1510
155 352
155 349
157 657
159 218
159 518
160 1360
160 1325
161 352
162 657
163 349
163 1360
163 218
163 518
163 966
165 1141
167 657
167 1149
168 1019
168 1118
169 218
171 518
173 783
173 258
173 1503
173 571
174 218
175 628
175 913
175 1293
175 657
175 246
175 1118
176 295
176 914
176 349
176 737
176 1279
177 518
178 352
179 218
179 518
179 1290
180 1360
181 940
181 218
181 386
181 352
181 657
181 543
182 443
182 1084
182 406
182 234
183 518
184 411
184 218
184 211
184 349
184 657
184 978
184 489
184 1360
184 1000
185 218
186 1360
186 711
186 411
186 1161
186 914
186 482
186 731
186 216
186 218
186 1000
187 1404
188 1288
188 903
188 1360
189 482
189 657
189 218
190 518
190 1155
191 978
191 1215
192 657
193 657
193 741
193 521
193 255
194 1271
195 518
197 210
197 1428
197 489
197 1360
197 218
197 492
197 1308
197 587
197 567
197 402
197 651
197 958
197 596
197 230
197 788
197 698
197 699
197 979
197 980
197 1147
197 981
197 513
197 426
197 429
197 431
197 518
197 1178
197 440
197 993
197 252
197 1414
197 996
197 255
197 527
197 1277
197 443
197 846
197 634
197 265
197 1470
197 1471
197 1191
197 905
197 1286
197 1288
197 1134
197 352
197 539
197 1383
197 912
197 361
197 914
197 461
197 462
197 283
197 1024
197 657
197 919
197 829
197 1219
197 1119
197 833
197 1207
197 1491
197 1030
197 1402
197 658
197 659
197 482
197 377
197 1037
197 1132
197 845
197 296
197 1416
197 382
197 1398
197 355
197 733
197 481
197 1044
197 349
198 518
198 1264
198 728
199 1288
201 482
201 218
202 657
203 218
203 556
203 439
204 1288
204 414
205 352
205 754
206 218
206 1161
206 477
206 482
206 657
206 489
207 657
207 283
208 218
208 939
208 1161
208 1063
208 297
208 1382
209 1428
210 440
210 283
210 355
211 1360
211 218
211 978
216 946
216 391
216 856
216 657
216 489
216 1360
216 609
216 1015
216 629
216 440
216 297
216 1436
216 218
216 711
216 283
216 411
216 1161
216 967
216 743
216 482
216 433
216 1118
216 1276
216 721
216 1000
218 390
218 391
218 769
218 395
218 947
218 814
218 898
218 776
218 402
218 1152
218 1153
218 1155
218 1392
218 466
218 711
218 411
218 780
218 1162
218 1165
218 796
218 779
218 1167
218 1169
218 744
218 425
218 427
218 428
218 955
218 806
218 432
218 433
218 436
218 810
218 1004
218 439
218 440
218 443
218 732
218 1188
218 449
218 450
218 1193
218 523
218 352
218 833
218 1202
218 706
218 1141
218 470
218 462
218 1210
218 1161
218 1212
218 1214
218 527
218 455
218 469
218 958
218 1402
218 1220
218 836
218 1256
218 477
218 845
218 1463
218 1230
218 538
218 481
218 848
218 849
218 482
218 1405
218 574
218 484
218 485
218 486
218 600
218 605
218 1236
218 229
218 1360
218 861
218 862
218 1340
218 498
218 866
218 1245
218 869
218 789
218 871
218 903
218 874
218 1251
218 875
218 876
218 878
218 1488
218 509
218 1263
218 883
218 518
218 888
218 889
218 1272
218 816
218 1274
218 891
218 525
218 893
218 1277
218 897
218 1280
218 531
218 901
218 865
218 533
218 238
218 1283
218 534
218 974
218 1288
218 541
218 912
218 1290
218 546
218 918
218 919
218 243
218 552
218 924
218 554
218 556
218 927
218 928
218 1110
218 1312
218 1313
218 564
218 932
218 615
218 937
218 569
218 939
218 940
218 1322
218 573
218 577
218 1325
218 580
218 583
218 585
218 1330
218 1331
218 1308
218 587
218 589
218 1357
218 957
218 592
218 593
218 959
218 960
218 596
218 598
218 964
218 856
218 965
218 967
218 487
218 547
218 236
218 857
218 973
218 608
218 609
218 975
218 1348
218 978
218 979
218 489
218 981
218 245
218 983
218 985
218 1355
218 619
218 620
218 465
218 623
218 247
218 250
218 991
218 626
218 252
218 1379
218 997
218 1368
218 1387
218 630
218 261
218 1000
218 633
218 1002
218 634
218 265
218 1005
218 1006
218 1375
218 494
218 1025
218 1489
218 454
218 1012
218 1013
218 1382
218 1015
218 1384
218 1016
218 1017
218 764
218 1021
218 1391
218 647
218 283
218 1394
218 1395
218 287
218 1014
218 1399
218 657
218 289
218 659
218 839
218 387
218 847
218 1033
218 1406
218 1034
218 1037
218 1411
218 663
218 881
218 914
218 297
218 690
218 1224
218 1045
218 349
218 1422
218 933
218 1177
218 674
218 311
218 1425
218 1050
218 1052
218 968
218 1428
218 1055
218 249
218 678
218 1125
218 1009
218 1057
218 687
218 321
218 1063
218 1064
218 692
218 324
218 694
218 1121
218 969
218 635
218 699
218 702
218 1445
218 336
218 1078
218 337
218 1451
218 714
218 338
218 343
218 1458
218 1459
218 1090
218 1091
218 1092
218 1461
218 347
218 1093
218 1095
218 1097
218 1465
218 1098
218 1468
218 726
218 1218
218 1103
218 1276
218 1104
218 357
218 731
218 1305
218 358
218 734
218 360
218 362
218 1114
218 1198
218 1116
218 743
218 368
218 745
218 1118
218 1119
218 748
218 373
218 1490
218 704
218 375
218 1493
218 1412
218 752
218 1122
218 755
218 1487
218 510
218 1502
218 1134
218 382
218 762
218 733
218 1137
218 386
218 1140
218 1323
218 388
219 926
219 1161
220 702
221 352
222 482
224 657
225 1360
225 518
227 1348
227 778
227 586
227 464
229 484
229 1161
230 482
231 283
232 1360
233 1320
234 406
235 1360
236 518
236 969
236 560
236 1169
236 283
236 411
236 1161
236 482
236 337
236 1276
236 852
236 1000
238 914
239 480
239 1325
239 1324
239 1178
239 944
240 461
242 352
243 470
243 657
243 395
243 489
243 1276
243 276
243 433
243 1018
243 297
243 1379
243 411
243 1161
243 967
243 440
243 482
243 921
243 1118
244 283
245 349
246 657
248 283
249 752
249 283
249 1161
249 482
249 440
249 1487
249 1118
250 283
250 411
250 1161
250 1426
250 657
250 939
250 1186
250 1118
251 1081
252 283
252 518
252 860
252 1361
252 657
253 1288
253 657
253 858
254 800
254 518
254 377
255 1304
255 699
255 654
255 657
255 316
255 352
255 403
255 518
255 914
255 521
255 282
255 733
255 480
255 741
255 919
255 1250
255 1268
256 1161
257 1288
257 489
258 571
259 657
259 1154
260 1161
261 609
261 1161
261 901
261 297
261 1297
261 1118
261 840
261 489
262 1288
262 352
263 1456
265 485
265 699
265 1327
265 1428
265 1429
265 489
265 1360
265 1270
265 482
265 1066
265 587
265 1288
265 733
265 914
265 462
265 646
265 1158
265 283
265 741
265 657
265 919
265 1300
265 604
265 653
265 1119
265 1476
265 833
265 1207
265 1401
265 981
265 349
265 518
265 1406
265 429
265 352
265 720
265 1411
265 623
265 343
265 1471
265 520
265 302
265 550
265 1277
265 443
266 1288
267 1360
267 518
267 587
267 657
267 909
268 482
269 482
269 860
272 702
272 1423
272 518
273 447
274 657
275 518
276 411
276 1161
276 967
276 1118
277 352
278 352
278 995
278 1360
278 1503
279 349
281 283
282 1134
282 518
282 1360
283 1325
283 1426
283 486
283 711
283 581
283 1428
283 1360
283 1438
283 947
283 860
283 1391
283 1153
283 958
283 1229
283 948
283 596
283 691
283 490
283 1339
283 769
283 411
283 489
283 1069
283 1439
283 1249
283 328
283 697
283 609
283 1121
283 844
283 799
283 978
283 704
283 560
283 685
283 342
283 336
283 587
283 667
283 878
283 1174
283 517
283 436
283 1178
283 343
283 992
283 1004
283 333
283 812
283 1366
283 440
283 1284
283 443
283 832
283 600
283 1000
283 633
283 900
283 634
283 1263
283 349
283 1193
283 1276
283 1479
283 1480
283 1288
283 1418
283 1380
283 862
283 548
283 731
283 822
283 1136
283 882
283 1485
283 510
283 1361
283 459
283 544
283 545
283 1116
283 1161
283 713
283 1118
283 518
283 1306
283 1207
283 557
283 657
283 1220
283 289
283 659
283 705
283 482
283 662
283 755
283 1067
283 352
283 379
283 558
283 914
283 297
283 939
283 351
283 355
283 538
283 733
283 940
283 481
283 983
283 1506
283 669
283 853
284 1288
284 587
284 489
284 1360
286 1277
288 467
289 1276
289 1161
289 482
290 657
291 518
292 1288
293 1360
293 353
293 518
293 301
293 1369
293 502
294 819
295 349
295 914
295 737
295 1279
297 711
297 451
297 489
297 1360
297 1276
297 729
297 352
297 1380
297 1486
297 1332
297 901
297 481
297 1220
297 1063
297 589
297 1296
297 600
297 411
297 1161
297 1382
297 967
297 919
297 780
297 1118
297 1175
297 609
297 470
297 657
297 1261
297 1169
297 1262
297 518
297 514
297 374
297 1297
297 1226
297 1388
297 932
297 840
297 1129
297 1463
297 939
297 440
297 940
297 1419
297 1138
297 346
297 894
297 482
297 725
297 433
298 1360
299 1161
300 657
302 1119
302 699
302 349
302 1300
302 520
303 518
304 704
304 1131
305 657
306 657
307 481
307 914
308 1277
308 1283
308 1362
309 440
310 733
310 377
310 642
312 834
313 411
313 1473
314 427
315 352
316 654
317 1161
318 1288
319 657
321 518
322 1161
322 1118
324 518
324 1308
324 919
324 1348
326 733
327 1161
327 1293
332 349
334 1118
335 518
336 1391
336 518
336 865
336 657
336 939
336 1360
336 352
336 1251
337 411
337 1161
337 482
337 518
337 1451
337 1276
340 518
341 1360
343 1391
343 518
343 436
343 657
343 914
343 481
343 1360
343 352
345 1142
345 510
346 1161
346 1118
347 349
349 855
349 1510
349 581
349 489
349 771
349 1208
349 1360
349 860
349 1308
349 827
349 1152
349 957
349 687
349 1374
349 693
349 966
349 1327
349 1343
349 604
349 1279
349 699
349 505
349 875
349 610
349 1348
349 978
349 919
349 518
349 801
349 587
349 1386
349 623
349 520
349 891
349 1277
349 720
349 722
349 1099
349 637
349 1270
349 1288
349 538
349 454
349 1283
349 1199
349 1016
349 1387
349 914
349 737
349 1141
349 1145
349 462
349 402
349 741
349 1161
349 1300
349 1119
349 833
349 657
349 1401
349 1402
349 1271
349 1110
349 352
349 443
349 1036
349 1037
349 1244
349 843
349 1414
349 733
349 481
349 1448
349 482
349 1323
350 1360
350 657
351 882
351 518
351 1439
351 657
351 691
351 1360
351 1364
351 548
352 485
352 1510
352 581
352 1428
352 489
352 1360
352 1097
352 814
352 1308
352 861
352 827
352 1211
352 830
352 860
352 596
352 634
352 869
352 1069
352 649
352 716
352 1075
352 650
352 699
352 505
352 609
352 875
352 978
352 1121
352 479
352 754
352 981
352 511
352 1263
352 427
352 829
352 587
352 623
352 436
352 1178
352 845
352 1004
352 1210
352 440
352 1277
352 1093
352 443
352 500
352 811
352 1464
352 865
352 724
352 1099
352 1376
352 1288
352 454
352 908
352 541
352 1385
352 912
352 735
352 914
352 1020
352 1141
352 362
352 481
352 462
352 1022
352 1391
352 1161
352 918
352 919
352 1118
352 1416
352 420
352 833
352 655
352 470
352 1088
352 657
352 1219
352 1401
352 422
352 911
352 825
352 998
352 518
352 510
352 823
352 1037
352 842
352 843
352 631
352 1041
352 939
352 1505
352 733
352 940
352 915
352 961
352 1046
352 850
352 899
354 1023
355 1161
355 440
355 1072
355 1118
357 1161
359 1360
360 1360
361 699
361 1207
362 1360
362 518
362 1161
362 657
363 657
363 970
364 1288
364 657
365 1288
365 657
366 657
368 734
369 482
369 470
369 856
369 657
369 577
370 518
370 975
371 1118
373 914
375 1360
376 657
377 1243
377 405
377 654
377 486
377 1178
377 657
377 642
377 1360
377 733
377 518
377 724
377 1387
377 971
378 674
380 1340
380 928
380 657
381 708
383 1288
384 1181
385 657
387 1360
387 518
387 1308
387 914
387 634
388 972
389 833
389 914
390 482
390 657
390 518
391 1360
391 411
391 1161
391 1015
392 657
392 436
393 518
393 446
395 1379
396 1288
397 1360
397 1193
397 1263
397 969
398 1161
399 1360
399 518
401 657
401 1428
401 430
402 518
402 1414
402 668
402 1402
402 489
402 1209
402 733
402 1288
402 1343
402 443
404 1360
404 518
404 1043
404 1016
405 518
406 447
407 518
408 443
409 1360
410 587
410 914
411 1304
411 856
411 1436
411 1428
411 489
411 450
411 1360
411 1276
411 1288
411 452
411 1058
411 779
411 731
411 1153
411 629
411 914
411 1021
411 1245
411 1114
411 1340
411 1189
411 1161
411 967
411 743
411 1097
411 780
411 1118
411 973
411 433
411 876
411 470
411 657
411 978
411 1169
411 752
411 518
411 1405
411 711
411 504
411 1256
411 440
411 939
411 1274
411 1473
411 1478
411 481
411 1092
411 482
411 1000
412 733
412 875
413 657
414 1288
414 657
416 733
417 919
417 657
419 657
420 443
421 518
422 735
423 1288
423 657
423 1505
423 462
426 518
427 1305
427 1360
427 518
427 861
427 1037
428 1360
428 1236
428 1288
428 657
428 978
428 440
429 1119
429 1289
429 437
429 657
429 981
429 867
429 561
430 1050
430 1277
430 657
430 1428
431 492
431 1288
431 657
431 535
431 980
433 1118
433 711
433 657
433 489
433 1276
433 1331
433 838
433 1018
433 440
433 647
433 1161
433 967
433 482
433 1000
434 1360
434 608
435 1360
436 518
436 761
436 634
436 558
436 1360
436 1161
436 657
436 1106
436 695
436 1391
437 867
437 657
439 556
440 679
440 856
440 449
440 489
440 1360
440 1193
440 1276
440 536
440 1288
440 1437
440 1236
440 901
440 1201
440 960
440 470
440 1392
440 1150
440 1003
440 1161
440 967
440 1487
440 1072
440 780
440 1162
440 1118
440 508
440 876
440 1293
440 657
440 1032
440 711
440 1356
440 757
440 518
440 939
440 1365
440 482
440 1094
440 1000
441 657
441 717
441 1151
441 1509
442 1277
442 1266
443 811
443 1325
443 1142
443 489
443 1360
443 585
443 482
443 1288
443 1432
443 733
443 1484
443 914
443 481
443 1209
443 1367
443 1148
443 919
443 696
443 1118
443 549
443 875
443 469
443 657
443 978
443 534
443 518
443 466
443 1035
443 510
443 1387
443 623
443 1134
443 626
443 588
443 718
443 1178
443 892
443 648
443 1139
443 1277
443 999
443 1462
445 751
446 518
447 657
447 1435
448 1360
449 1276
450 657
452 470
453 657
453 978
453 827
454 532
454 1190
456 1288
457 733
457 914
458 733
458 1360
458 518
459 657
460 518
462 699
462 1120
462 657
462 582
462 1360
462 518
462 492
462 488
462 1288
462 824
462 1152
462 733
462 1039
462 1132
462 914
462 1505
462 1037
462 1428
464 1433
464 586
470 1118
470 569
470 856
470 657
470 1360
470 1161
470 967
470 482
470 1276
470 577
471 1282
471 1265
472 518
474 733
474 657
474 1387
474 518
474 689
477 1161
477 482
477 489
478 1161
480 733
480 1324
480 1178
480 944
480 1325
481 948
481 1099
481 1101
481 1360
481 1010
481 1288
481 914
481 737
481 1161
481 919
481 482
481 1118
481 1347
481 828
481 657
481 978
481 510
481 1129
481 1413
481 587
481 518
481 887
481 640
481 1090
481 770
481 1503
481 944
481 674
482 633
482 856
482 1053
482 1428
482 489
482 554
482 1360
482 860
482 1009
482 955
482 1153
482 592
482 593
482 1451
482 959
482 498
482 960
482 1245
482 1340
482 788
482 871
482 967
482 602
482 1255
482 1293
482 702
482 978
482 704
482 711
482 985
482 619
482 620
482 1155
482 516
482 1175
482 518
482 989
482 569
482 1458
482 780
482 1275
482 1276
482 893
482 1387
482 1096
482 1000
482 531
482 1465
482 634
482 903
482 1471
482 1489
482 1288
482 794
482 731
482 1016
482 912
482 914
482 1021
482 1115
482 546
482 1161
482 1395
482 745
482 1118
482 657
482 659
482 839
482 847
482 1497
482 504
482 881
482 939
482 733
482 940
482 639
482 837
482 577
483 1161
485 981
486 609
486 677
486 1004
486 489
486 762
486 1360
486 518
486 494
488 1428
489 1426
489 856
489 1429
489 1360
489 1276
489 860
489 587
489 1288
489 732
489 1098
489 914
489 569
489 634
489 1161
489 967
489 743
489 919
489 831
489 1118
489 607
489 699
489 1165
489 1293
489 740
489 657
489 1402
489 836
489 1487
489 518
489 1313
489 1083
489 939
489 733
489 940
489 893
489 1277
489 1000
491 1360
491 1494
491 1304
491 914
491 1057
491 520
491 1348
492 518
492 912
492 657
492 980
492 1460
492 1288
492 1277
492 565
493 1360
494 1004
496 657
497 1118
498 619
498 518
500 919
501 518
503 1360
503 657
503 587
503 914
504 1161
505 511
506 733
506 1360
507 623
509 1161
509 569
510 1142
510 1134
510 581
510 534
510 572
510 1148
511 733
511 914
511 657
511 623
512 518
512 765
513 979
514 1434
515 1288
515 657
515 1277
518 1325
518 581
518 770
518 771
518 947
518 1308
518 587
518 827
518 1317
518 1153
518 960
518 1337
518 599
518 1341
518 967
518 1161
518 609
518 1165
518 976
518 978
518 1350
518 1169
518 1324
518 619
518 955
518 623
518 1302
518 625
518 1363
518 995
518 1202
518 1387
518 1389
518 1000
518 633
518 732
518 800
518 1188
518 634
518 1004
518 636
518 1192
518 1489
518 1196
518 1013
518 556
518 1016
518 979
518 1205
518 643
518 1141
518 1391
518 649
518 1026
518 1307
518 1397
518 654
518 1399
518 833
518 1207
518 1051
518 657
518 1030
518 1401
518 1402
518 660
518 1125
518 836
518 999
518 584
518 1271
518 538
518 1043
518 1423
518 1492
518 574
518 1235
518 1426
518 1280
518 1428
518 1429
518 621
518 1360
518 1238
518 1240
518 1241
518 861
518 864
518 689
518 691
518 1065
518 1246
518 840
518 692
518 871
518 1439
518 1440
518 1442
518 701
518 702
518 704
518 1446
518 882
518 1263
518 710
518 1155
518 1499
518 1074
518 1275
518 893
518 1277
518 1403
518 606
518 846
518 1465
518 865
518 699
518 1468
518 1470
518 904
518 534
518 1285
518 1270
518 1288
518 548
518 1109
518 1483
518 914
518 741
518 745
518 1118
518 552
518 910
518 1306
518 750
518 559
518 705
518 929
518 1313
518 932
518 565
518 1500
518 1316
518 728
518 1134
518 1503
518 939
518 570
518 733
518 940
518 765
518 943
518 945
519 1288
520 1360
520 699
520 1119
520 1348
520 1158
520 1288
520 550
520 733
520 1494
520 1304
520 1300
521 741
521 919
521 657
524 862
524 1161
526 1288
526 657
528 916
529 1503
530 657
531 1009
531 1395
532 978
533 967
535 657
536 1161
537 596
538 733
538 1360
538 657
539 657
540 1118
541 608
542 1360
542 978
542 1483
543 940
544 1161
547 1288
548 1360
548 882
548 1306
548 1439
548 657
548 691
550 1119
550 1288
551 657
552 657
555 733
558 1360
558 657
561 1360
563 1360
564 1236
565 657
566 657
567 914
569 1276
569 1161
572 581
575 1360
577 1360
577 856
580 1177
580 876
580 1000
581 623
581 657
581 1288
581 860
581 1308
582 1288
582 657
582 1428
582 1505
584 1402
585 657
585 1484
586 657
587 833
587 1448
587 657
587 1360
587 860
587 1308
587 1288
587 909
587 919
587 914
587 1291
587 1318
587 733
587 1452
587 1277
587 1387
589 1169
589 1161
589 600
589 1463
590 1487
592 839
594 1161
594 840
595 1161
596 699
596 1414
596 657
596 1353
596 1360
596 711
596 1276
596 860
596 1229
600 1169
600 1161
600 1463
601 1161
603 1487
608 1360
609 901
609 657
609 840
609 1360
609 940
609 1297
609 1276
609 1118
611 1360
612 657
615 1161
616 657
617 1278
622 657
623 875
623 733
623 1143
623 1099
623 1360
623 1288
623 914
623 1337
623 1294
623 919
623 657
626 914
627 733
627 1237
628 657
629 1161
630 1468
631 733
631 1360
632 705
633 1175
633 1360
633 1161
633 657
634 702
634 657
634 1470
634 659
634 1360
634 1308
634 1155
634 866
634 1147
634 1247
634 733
634 1091
634 944
635 927
637 826
637 914
638 657
639 860
640 657
640 1347
641 659
642 733
644 1468
647 1331
647 1000
649 657
649 1360
653 1288
657 1325
657 1143
657 711
657 1327
657 772
657 1308
657 880
657 776
657 1151
657 1152
657 1154
657 1337
657 962
657 786
657 1340
657 1144
657 967
657 949
657 970
657 793
657 973
657 1165
657 1293
657 978
657 1168
657 799
657 982
657 983
657 858
657 804
657 1360
657 987
657 919
657 989
657 773
657 1178
657 770
657 1004
657 1182
657 1221
657 1387
657 1184
657 1000
657 680
657 1188
657 1113
657 1193
657 791
657 821
657 749
657 1373
657 1210
657 1391
657 1393
657 1161
657 1212
657 1213
657 1307
657 833
657 1219
657 1401
657 836
657 660
657 659
657 1236
657 1098
657 1037
657 1039
657 1040
657 785
657 1414
657 1042
657 1233
657 1420
657 671
657 1123
657 674
657 1136
657 1216
657 691
657 1050
657 856
657 1428
657 683
657 1060
657 902
657 689
657 867
657 1064
657 1435
657 738
657 1189
657 693
657 1071
657 1069
657 1439
657 1070
657 695
657 697
657 698
657 1342
657 879
657 1259
657 1284
657 1198
657 1263
657 1229
657 913
657 1166
657 1417
657 717
657 1273
657 1459
657 1427
657 1251
657 892
657 1075
657 860
657 1277
657 846
657 1281
657 703
657 882
657 1103
657 1276
657 784
657 918
657 1288
657 909
657 912
657 1324
657 914
657 1292
657 739
657 1114
657 1486
657 741
657 742
657 1299
657 920
657 1482
657 1118
657 747
657 1167
657 1306
657 1120
657 1365
657 942
657 1431
657 927
657 928
657 1232
657 755
657 1126
657 935
657 758
657 944
657 1450
657 1132
657 1170
657 1134
657 939
657 1505
657 1149
657 733
657 1507
657 1509
657 945
658 914
658 1207
659 866
659 1091
659 1360
659 1161
660 733
661 733
661 1228
661 1231
661 1346
661 944
661 841
662 1161
664 698
664 905
665 1161
666 917
666 1269
667 679
670 1234
670 1273
670 674
672 1242
673 1360
674 1234
674 1120
674 1490
674 836
674 1288
674 935
674 1133
674 1273
674 1113
674 962
674 1224
674 1277
675 1360
676 733
676 1277
676 1319
678 1161
678 1118
684 1288
684 860
685 1067
685 1339
687 733
689 733
689 1387
691 882
691 1306
691 1439
691 1360
692 914
693 978
696 1484
696 1142
698 1288
698 905
699 1119
699 1207
699 1348
699 1402
699 1288
699 1080
699 733
699 1300
702 1423
702 827
704 1131
705 1360
707 1360
711 901
711 1217
711 922
711 1360
711 1276
711 731
711 939
711 1245
711 940
711 1161
711 967
711 1064
711 1118
711 1000
712 1354
714 1033
715 1271
715 978
715 1298
717 1151
717 1509
718 1288
720 914
724 733
724 919
724 1360
724 914
724 1288
724 1401
725 1419
727 755
730 1153
730 1161
731 1161
731 1000
732 1360
732 978
733 1325
733 1498
733 771
733 1237
733 1360
733 947
733 1308
733 1178
733 957
733 785
733 786
733 875
733 975
733 1346
733 1348
733 978
733 979
733 1481
733 1378
733 1277
733 1008
733 1286
733 1288
733 820
733 1199
733 1324
733 1294
733 1210
733 919
733 1482
733 1397
733 1400
733 1402
733 1222
733 1271
733 1387
733 1037
733 1316
733 1228
733 744
733 914
733 1319
733 841
733 944
736 1360
737 914
737 1099
737 1279
740 1161
741 914
741 1429
741 1360
741 919
741 1100
743 1161
743 939
743 1436
745 1489
745 893
752 1360
752 1161
755 1360
755 1391
755 1016
755 939
756 1371
759 1288
759 1428
760 1153
761 1106
762 939
765 944
766 1066
767 1504
768 872
769 1161
769 1034
769 1277
769 912
769 862
770 1360
777 978
778 1348
779 1360
779 876
779 1000
780 1085
780 1161
780 967
780 790
780 1276
780 1118
781 1118
783 1503
787 930
789 1052
789 1118
790 1161
794 959
794 1096
795 833
798 1210
801 1288
805 978
806 1161
807 978
809 919
810 1230
811 875
811 833
811 914
813 1118
814 874
815 1360
815 914
817 1161
818 1288
824 1288
826 1305
826 1496
826 914
826 1277
826 1283
826 1362
827 860
827 1428
829 1288
833 877
833 1308
833 1036
833 914
833 1208
833 1510
833 919
833 1277
835 1180
836 1165
836 914
836 1196
836 1277
840 1161
840 901
840 1063
840 1297
840 1118
841 1228
841 1346
841 944
841 1008
845 1277
846 1288
849 938
849 939
850 1020
851 1360
854 1387
854 1001
856 939
856 1487
856 1161
859 1161
860 1288
860 1308
860 1428
861 1305
861 1178
861 1277
861 1360
861 1037
862 1161
863 1161
864 1408
865 939
866 1091
869 1360
870 967
871 1472
871 1078
873 1288
875 919
875 914
875 1468
876 1360
876 1177
876 1000
882 1360
882 1306
882 1439
889 1360
890 1360
892 1360
893 1489
901 1201
901 939
901 1360
901 1297
901 1118
903 1288
903 1360
905 1288
905 1358
905 951
909 1360
912 1277
912 1288
912 1068
912 1034
913 1118
914 1277
914 1362
914 1281
914 1100
914 1308
914 1288
914 1057
914 1090
914 1283
914 1153
914 1111
914 1062
914 1336
914 1428
914 919
914 1279
914 1360
914 1305
914 1119
914 1165
914 1207
914 1401
914 1493
914 1191
914 1496
914 1337
914 1036
914 1471
914 1182
914 942
914 1422
917 1269
919 1401
919 1360
919 1308
919 1288
919 1210
919 995
919 1161
919 1118
920 1288
920 1252
920 1277
922 1118
924 969
924 1161
928 1340
929 1403
931 1360
932 940
932 1025
932 1503
932 939
933 1276
934 939
938 1161
938 1063
938 969
938 939
938 1118
939 1063
939 1360
939 1025
939 1382
939 1410
939 1134
939 1162
939 1004
939 940
939 1161
939 1118
939 1276
939 1000
940 1426
940 1025
940 1360
941 1360
942 1182
944 1228
944 1325
944 1346
944 1008
944 1324
944 1178
944 1481
945 1429
952 1161
954 1326
957 1178
957 1360
959 1096
963 1277
965 969
965 1116
967 1355
967 1276
967 1161
967 1277
967 1000
967 1118
968 1095
969 1063
969 1360
969 1116
969 1161
969 1118
973 1114
978 1468
978 1428
978 1329
978 1360
978 1225
978 1288
978 1166
978 1483
978 1271
978 1298
978 1403
978 1302
979 1468
980 1288
981 1119
982 1288
983 1005
984 1360
989 1457
990 1407
991 1161
995 1503
1000 1360
1000 1169
1000 1276
1000 1331
1000 1256
1000 1161
1000 1177
1003 1028
1003 1161
1003 1345
1003 1118
1004 1041
1004 1220
1004 1360
1004 1195
1006 1360
1008 1228
1008 1346
1009 1395
1015 1360
1016 1360
1016 1043
1018 1161
1019 1118
1021 1161
1021 1245
1025 1503
1027 1161
1028 1345
1029 1118
1031 1161
1032 1201
1034 1288
1034 1277
1037 1360
1037 1178
1037 1277
1038 1160
1041 1360
1043 1360
1047 1360
1048 1288
1048 1152
1052 1118
1054 1288
1055 1368
1058 1161
1059 1325
1060 1483
1063 1161
1063 1118
1063 1382
1067 1339
1068 1288
1068 1277
1072 1161
1072 1118
1077 1453
1087 1161
1089 1161
1089 1118
1098 1277
1101 1161
1107 1132
1109 1360
1109 1317
1113 1277
1117 1118
1118 1277
1118 1186
1118 1360
1118 1276
1118 1161
1118 1399
1118 1293
1118 1169
1118 1297
1118 1410
1118 1487
1118 1419
1118 1508
1119 1288
1119 1300
1120 1132
1120 1277
1120 1505
1124 1360
1127 1161
1128 1396
1128 1325
1132 1288
1132 1314
1132 1505
1134 1360
1134 1148
1134 1173
1141 1270
1142 1432
1142 1484
1143 1288
1144 1360
1150 1288
1151 1277
1151 1509
1152 1288
1152 1212
1153 1428
1153 1360
1153 1161
1153 1276
1155 1276
1156 1161
1161 1428
1161 1360
1161 1238
1161 1338
1161 1245
1161 1162
1161 1467
1161 1165
1161 1293
1161 1258
1161 1488
1161 1169
1161 1175
1161 1387
1161 1479
1161 1487
1161 1276
1161 1311
1161 1410
1161 1262
1161 1463
1161 1418
1161 1419
1161 1508
1164 1288
1165 1281
1165 1196
1167 1288
1169 1463
1169 1360
1169 1276
1171 1288
1172 1187
1176 1294
1177 1360
1178 1360
1178 1325
1178 1324
1178 1481
1179 1254
1180 1360
1188 1360
1191 1360
1192 1325
1193 1360
1197 1212
1198 1360
1199 1294
1204 1288
1210 1360
1215 1277
1219 1288
1219 1505
1219 1383
1225 1360
1228 1346
1229 1277
1229 1337
1229 1288
1233 1277
1234 1273
1236 1360
1237 1495
1237 1498
1239 1415
1251 1360
1251 1391
1252 1288
1252 1277
1260 1360
1263 1360
1263 1375
1265 1282
1266 1277
1267 1288
1271 1483
1271 1298
1271 1360
1276 1428
1276 1360
1276 1419
1277 1510
1277 1360
1277 1288
1277 1283
1277 1305
1277 1496
1277 1428
1277 1406
1277 1362
1277 1319
1277 1387
1279 1360
1283 1305
1283 1496
1283 1362
1283 1360
1287 1360
1288 1428
1288 1429
1288 1360
1288 1308
1288 1337
1288 1343
1288 1348
1288 1374
1288 1398
1288 1460
1288 1435
1288 1401
1288 1402
1288 1309
1288 1406
1288 1503
1288 1505
1288 1507
1291 1360
1295 1360
1304 1494
1304 1348
1304 1360
1305 1496
1305 1399
1305 1362
1305 1360
1306 1360
1306 1439
1306 1364
1308 1360
1311 1419
1313 1360
1317 1360
1318 1360
1323 1360
1324 1325
1324 1481
1325 1360
1325 1396
1336 1360
1337 1360
1340 1360
1348 1360
1348 1494
1349 1360
1360 1494
1360 1486
1360 1391
1360 1399
1360 1400
1360 1402
1360 1428
1360 1374
1360 1439
1360 1468
1360 1469
1360 1483
1360 1381
1360 1493
1360 1505
1362 1496
1387 1448
1397 1468
1397 1483
1414 1447
1428 1505
1477 1483
