0 1
0 2
0 3
0 4
0 5
0 6
0 7
0 8
0 9
0 10
0 11
0 12
0 13
0 14
0 15
0 16
0 17
0 18
0 19
0 20
0 21
0 22
0 23
0 24
0 25
0 26
0 27
0 28
0 29
0 30
0 31
0 32
0 33
0 34
0 35
0 36
0 37
0 38
0 39
0 40
0 41
0 42
0 43
0 44
0 45
1 391
1 56
1 490
1 1975
1 2013
2 391
3 34
3 1229
4 1096
4 814
4 858
4 859
4 1182
4 32
4 460
4 56
4 862
4 247
4 2535
4 602
4 1492
4 605
4 1782
5 37
5 1397
5 2264
5 838
6 31
6 122
6 458
6 772
6 619
6 57
6 464
6 777
6 80
6 771
7 391
7 965
7 919
8 798
8 674
8 420
8 503
8 2245
8 1846
8 276
8 2648
9 391
9 288
9 773
9 2171
9 1206
9 2071
9 2653
9 2654
10 11
12 464
12 855
13 799
13 201
13 1023
13 1521
13 1188
13 33
13 2196
13 236
13 1117
13 1281
13 1186
13 908
13 699
13 1522
13 1520
13 531
15 46
15 47
15 48
15 49
15 50
15 51
15 52
15 53
15 26
15 54
15 55
15 32
15 56
15 57
15 34
15 58
15 59
17 2563
19 175
19 373
19 43
19 2477
20 945
20 833
20 834
21 567
22 1322
22 669
22 2945
24 2169
25 3006
26 35
26 799
26 82
26 775
26 1668
26 1441
26 1669
26 1670
26 1671
26 839
26 1672
26 184
26 627
26 614
26 54
26 55
26 32
26 823
26 56
26 691
26 34
26 1673
26 1674
26 388
26 595
26 77
26 999
26 102
26 41
26 1675
26 698
28 327
28 330
29 447
29 798
29 799
29 158
29 775
29 1713
29 904
29 985
29 1714
29 1715
29 1716
29 1717
29 1718
29 1521
29 1719
29 39
29 1186
30 414
30 415
30 416
30 417
30 418
30 419
30 420
30 295
30 421
30 422
30 423
30 424
30 425
30 110
30 426
30 427
30 39
30 428
30 429
30 430
30 70
31 447
31 451
31 452
31 453
31 454
31 455
31 456
31 457
31 458
31 459
31 421
31 460
31 461
31 462
31 449
31 450
31 463
31 464
31 465
31 466
31 467
31 114
31 428
31 41
32 798
32 391
32 76
32 616
32 995
32 1851
32 800
32 1328
32 1852
32 1853
32 394
32 1854
32 50
32 56
32 622
32 80
32 102
32 501
33 391
33 1380
33 1009
33 999
33 103
34 999
35 81
35 82
35 83
35 84
35 77
35 43
36 652
36 1665
36 532
36 443
36 1145
36 1614
36 790
36 1648
37 523
37 83
38 46
38 838
38 2317
38 1029
39 447
39 158
39 1183
39 824
39 829
39 985
39 1637
39 2322
39 2323
39 1030
39 764
40 391
40 812
40 511
40 800
40 2338
40 647
40 2339
40 1841
40 2340
40 2341
40 2342
40 2343
40 2344
40 777
41 799
41 391
41 470
42 799
43 799
43 161
43 611
43 82
43 412
43 1679
43 446
43 1695
43 2172
44 798
44 905
44 158
44 397
44 775
44 904
44 985
44 405
44 659
44 987
44 1066
44 907
44 2397
44 908
44 1675
45 1205
46 832
46 837
46 838
46 839
47 102
47 1441
49 288
49 77
49 2364
49 2859
50 80
50 102
51 52
51 111
52 523
52 1181
52 1524
52 1525
52 1526
52 617
52 622
54 785
54 137
54 1469
54 1676
54 1677
55 404
55 1133
55 1753
55 1253
55 1754
55 1296
55 1755
55 1297
55 114
55 102
55 1756
56 95
56 458
56 594
56 1025
56 461
56 823
56 2013
56 2014
56 96
56 1018
56 2015
56 2016
56 2017
56 99
56 2018
56 2019
56 101
56 827
56 103
56 501
57 661
57 778
57 772
57 773
57 463
57 766
57 2102
57 768
57 1980
57 769
57 2103
57 2104
57 2105
57 2106
57 110
57 114
57 430
58 73
58 85
58 86
58 717
58 718
58 719
58 75
58 94
58 98
58 100
58 720
58 77
59 1425
59 1147
59 2350
60 61
60 62
60 63
60 64
60 65
60 66
60 67
60 68
60 69
60 70
61 316
61 542
62 2296
62 2623
64 1054
64 542
64 2905
64 1979
66 314
66 560
66 1830
66 319
66 1354
68 415
68 637
68 567
68 2248
68 2249
68 70
69 1240
69 1513
69 542
69 501
70 1437
70 450
70 496
70 901
70 499
70 1154
70 1832
70 898
70 2408
70 1190
70 1506
70 1951
70 2198
71 72
71 73
72 74
72 75
72 76
72 77
72 78
72 79
72 80
73 85
73 86
73 87
73 88
73 89
73 90
73 91
73 92
73 93
73 75
73 94
73 95
73 76
73 96
73 97
73 98
73 99
73 100
73 101
73 77
73 78
73 79
73 80
73 102
73 103
74 1143
74 1146
74 862
74 1741
74 102
75 1312
75 1360
75 79
75 80
76 1328
76 97
76 1329
76 1330
76 972
77 128
77 288
77 175
77 95
77 1312
77 458
77 411
77 83
77 241
77 2286
77 80
79 257
80 1312
80 397
80 88
80 718
80 91
80 92
80 96
80 97
80 1329
80 102
82 523
82 1353
82 1130
82 595
83 84
83 572
83 2264
83 2265
83 2266
83 1169
83 2267
83 1090
83 244
85 837
85 1312
85 1925
85 579
85 1933
85 2286
86 158
86 95
86 691
86 764
86 87
86 2510
86 1441
86 2511
87 641
87 158
87 95
87 691
87 764
88 95
89 128
89 2094
89 2071
90 476
90 1048
90 1753
91 391
91 1157
91 1659
91 1656
92 2286
93 2661
93 2519
93 2662
95 719
95 1312
95 720
95 1313
95 114
97 193
97 2884
99 594
101 2021
101 1383
101 427
102 128
102 331
102 798
102 255
102 286
102 288
102 175
102 458
102 241
102 260
102 405
102 1735
102 290
102 2352
102 1397
102 1092
102 764
103 824
103 1882
103 1019
104 105
104 106
104 107
104 108
104 109
104 110
104 111
104 112
106 113
106 114
107 523
107 654
107 798
107 799
107 600
107 959
107 960
107 803
107 961
107 962
107 850
107 963
107 964
107 965
107 814
107 966
107 369
107 967
107 968
107 683
107 969
107 970
107 594
107 617
107 379
107 823
107 109
107 492
107 971
107 972
107 973
107 974
107 975
107 693
107 655
107 976
108 2045
109 1237
109 333
109 1646
110 489
110 661
110 600
110 335
110 1047
110 1437
110 1488
110 214
110 1356
110 420
110 1654
110 979
110 1144
110 1831
110 629
110 713
110 490
110 2125
110 132
110 315
110 316
110 540
110 470
110 2126
110 392
110 1714
110 1294
110 2127
110 1636
110 1853
110 2128
110 2129
110 843
110 1314
110 546
110 2130
110 2131
110 2132
110 636
110 2133
110 2134
110 2135
110 2136
110 2030
110 2137
110 2138
110 2139
110 2140
110 2141
110 2142
110 2143
110 1869
110 2144
110 2145
110 2146
110 2147
110 2148
110 2149
110 2150
110 1458
110 2151
110 1297
110 304
110 1702
110 2152
110 305
110 2153
110 2154
110 2155
110 944
110 894
110 2156
110 1591
111 1814
111 2027
111 714
111 2282
111 2283
111 481
111 2284
111 1815
111 2285
112 708
112 709
112 710
112 711
112 282
112 712
112 713
112 714
112 715
112 716
112 429
113 146
113 131
113 1294
113 167
113 572
113 1295
113 1296
113 1297
114 421
114 785
114 391
114 458
114 772
114 401
114 776
114 1925
114 1195
114 452
114 1239
114 701
114 1782
114 771
114 2280
114 1513
114 430
114 2281
114 501
115 116
115 117
115 118
115 119
115 120
115 121
116 122
116 1000
116 1303
117 122
117 123
117 124
117 125
117 126
117 127
118 119
118 563
120 391
120 594
120 1681
120 575
120 2056
120 2093
120 2065
120 2094
120 757
120 759
120 1102
121 683
122 656
122 661
122 863
122 864
122 865
122 391
122 866
122 663
122 867
122 455
122 611
122 547
122 868
122 869
122 870
122 677
122 871
122 473
122 221
122 872
122 698
122 873
123 837
123 674
123 547
123 1550
123 857
124 547
124 125
125 547
126 564
126 469
126 356
126 2862
127 374
127 600
127 965
127 547
127 624
127 2372
127 2373
127 2374
127 2375
127 1859
127 2376
127 1806
127 2377
127 1902
127 2378
127 2379
127 1603
127 1497
127 2380
127 2381
127 2382
127 2383
127 2384
127 2385
128 129
128 130
128 131
128 132
128 133
128 134
128 135
128 136
128 137
128 138
128 139
128 140
128 141
128 142
128 143
128 144
128 145
128 146
128 147
128 148
128 149
128 150
128 151
128 152
128 153
128 154
128 155
128 156
128 157
128 158
128 159
128 160
128 161
128 162
128 163
128 164
128 165
128 166
128 167
128 168
128 169
128 170
128 171
128 172
128 173
128 174
128 175
128 176
128 177
128 178
128 179
128 180
128 181
128 182
128 183
128 184
128 185
128 186
128 187
128 188
128 189
128 190
128 191
128 192
128 193
128 194
128 195
128 196
128 197
128 198
128 199
128 200
128 201
128 202
128 203
128 204
128 205
128 206
128 207
128 208
128 209
128 210
128 211
128 212
128 213
128 214
128 215
128 216
128 217
128 218
128 219
128 220
128 221
128 222
128 223
128 224
128 225
128 226
128 227
128 228
128 229
128 230
128 231
128 232
128 233
128 234
128 235
128 236
128 237
128 238
128 239
128 240
128 241
128 242
128 243
128 244
128 245
128 246
128 247
128 248
128 249
128 250
128 251
128 252
128 253
128 254
129 1296
129 1297
130 374
130 489
130 256
130 257
131 257
131 1395
131 917
131 1622
131 272
131 1296
131 219
131 259
131 236
131 2221
131 847
131 142
131 2475
131 2476
132 1183
132 411
132 1147
132 304
133 255
133 286
133 257
133 294
133 272
133 564
133 618
133 1872
134 136
135 161
135 529
135 1348
135 2243
135 2057
135 2498
136 374
136 404
136 295
136 847
136 255
136 848
136 849
136 850
136 396
136 851
136 532
136 628
136 852
136 722
137 251
137 288
137 396
137 532
137 564
137 1712
137 620
137 226
137 1092
137 606
137 2514
139 288
139 449
139 557
141 1872
141 2533
142 523
142 475
142 161
142 1736
142 377
142 219
142 1131
142 2245
142 446
142 155
142 676
142 2534
143 288
143 257
143 564
144 1143
144 2510
144 1648
145 2566
146 404
146 295
146 519
146 721
146 308
146 910
146 914
146 723
146 284
146 285
146 255
146 915
146 916
146 286
146 725
146 288
146 726
146 175
146 438
146 185
146 627
146 290
146 572
146 917
146 291
146 652
146 292
146 294
146 918
146 272
146 296
146 564
146 300
146 259
146 303
146 534
146 919
146 734
146 852
146 260
146 920
147 2490
148 2011
149 700
149 256
149 286
149 161
149 582
149 1395
149 272
149 219
149 1753
149 2601
149 1648
149 782
149 2071
149 2192
150 175
151 257
151 369
151 564
152 373
152 1538
154 374
154 256
154 528
154 529
154 288
154 564
154 691
155 219
155 490
157 529
158 781
158 903
158 985
158 1113
158 1114
158 710
158 907
158 397
158 201
158 1115
158 1116
158 1024
158 411
158 691
158 1117
158 1118
158 501
159 725
159 850
159 490
159 920
160 256
160 286
160 527
160 1133
160 528
160 288
160 257
160 1134
160 294
160 258
160 411
160 1135
160 235
160 304
160 465
160 260
160 500
161 404
161 295
161 721
161 910
161 256
161 848
161 863
161 1136
161 285
161 604
161 1137
161 1138
161 352
161 288
161 1139
161 175
161 1140
161 196
161 917
161 292
161 1141
161 1142
161 272
161 215
161 1143
161 731
161 1144
161 296
161 219
161 628
161 1145
161 564
161 1146
161 620
161 1147
161 229
161 577
161 1130
161 1131
161 236
161 920
161 1132
161 1148
161 735
161 1149
162 874
162 1609
162 1838
162 2449
163 255
163 256
163 257
163 258
163 259
163 260
164 582
164 530
164 1164
164 852
165 255
165 286
166 256
166 215
166 532
167 421
167 488
167 528
167 1650
167 705
167 1614
167 2743
168 404
168 295
168 519
168 308
168 1183
168 694
168 294
168 1187
168 1188
168 564
168 304
169 272
170 288
170 1143
171 396
171 272
172 294
172 411
172 304
172 584
173 255
173 257
174 528
174 288
174 294
174 258
174 2074
175 434
175 1306
175 176
175 1307
175 1308
175 294
175 1309
175 1182
175 938
175 1310
175 1131
175 240
175 624
175 242
175 1311
175 247
175 249
175 252
176 611
176 1353
178 288
178 704
178 258
178 299
178 1686
178 850
178 2848
179 2851
179 2852
179 2330
179 2853
180 1133
180 1797
181 529
181 257
182 411
183 1366
184 459
184 1864
185 581
186 375
186 1660
186 2904
187 450
187 1135
187 465
188 527
188 704
189 255
190 872
193 279
193 284
193 285
193 286
193 287
193 288
193 289
193 290
193 291
193 292
193 293
193 294
193 272
193 295
193 296
193 274
193 297
193 298
193 299
193 300
193 301
193 302
193 303
193 304
193 305
193 306
193 307
193 308
194 529
195 1183
196 331
196 404
196 295
196 519
196 725
196 582
196 528
196 529
196 288
196 917
196 272
196 532
196 564
196 1147
196 919
196 624
196 920
198 1614
198 2541
199 295
199 529
199 2460
201 903
201 256
201 528
201 529
201 1183
201 397
201 917
201 1520
201 1115
201 294
201 1521
201 1143
201 564
201 259
201 1117
201 241
201 260
201 1118
201 1186
201 908
202 233
203 2989
205 402
205 292
205 934
205 863
205 724
205 1611
205 883
205 1612
205 1613
205 729
205 1144
205 460
205 1581
205 1614
205 1146
205 301
205 1135
205 236
205 693
205 873
206 374
206 489
206 308
206 255
206 257
207 564
207 618
207 1147
210 1650
210 1656
210 294
210 215
210 532
210 1655
210 1614
210 624
210 242
212 529
212 288
212 396
212 788
212 377
212 628
212 620
213 255
213 257
214 404
214 798
214 529
214 288
214 294
214 731
214 532
214 564
214 241
215 294
215 1654
215 923
215 1766
215 1767
215 216
215 1145
215 304
215 1225
215 1768
216 294
216 564
217 331
217 295
217 582
217 288
217 257
217 258
217 628
217 564
217 618
217 241
218 374
218 255
218 529
218 257
218 564
218 1828
218 241
219 369
219 1296
219 938
219 1857
219 1308
219 1132
220 1858
220 532
220 1297
220 236
221 1143
221 871
221 1900
222 374
222 519
222 256
222 526
222 527
222 528
222 529
222 288
222 530
222 531
222 439
222 294
222 258
222 532
222 411
222 533
222 304
222 534
222 500
223 272
223 532
223 2003
223 2004
223 1712
223 624
223 1768
224 255
224 1113
224 288
224 257
224 919
224 1872
225 257
226 529
226 1141
226 532
226 1145
226 620
226 1163
227 374
227 257
227 1237
227 2095
227 1303
228 404
229 1350
230 255
230 582
230 926
230 369
230 618
230 580
230 1176
230 2173
230 1171
230 586
230 252
231 331
231 585
231 255
231 257
233 294
233 1648
234 331
234 294
234 532
234 1655
236 529
236 1708
236 405
236 2057
236 2064
236 406
236 1070
236 2214
236 2215
236 1426
237 257
237 1339
237 2013
238 503
238 913
238 304
238 1239
239 2245
240 374
240 255
240 256
240 528
240 529
240 288
240 294
240 258
240 532
240 1655
240 564
240 304
240 1656
241 926
241 917
241 409
241 938
241 620
241 1171
241 2287
241 249
242 251
242 674
242 294
242 995
242 449
242 450
242 1135
242 465
242 624
242 1230
242 2303
242 584
242 2304
244 286
244 725
244 528
244 288
244 396
244 618
244 920
244 305
244 306
244 1496
244 1603
245 396
245 1143
245 919
245 2349
246 2357
246 688
247 458
247 294
247 532
247 564
248 1872
249 528
249 529
250 257
250 1385
250 294
250 373
250 1296
250 532
251 788
251 789
251 527
251 790
251 791
251 792
251 294
251 532
251 793
251 794
251 304
251 500
251 308
252 255
252 582
252 528
252 529
252 917
252 258
252 1143
252 794
252 534
252 2071
252 2407
253 519
253 286
253 529
253 288
253 2256
253 1872
254 331
254 374
254 255
254 528
254 294
254 1655
254 564
254 846
254 1546
255 331
255 382
255 283
255 921
255 333
255 922
255 390
255 336
255 923
255 339
255 340
255 341
255 342
255 343
255 924
255 345
255 346
255 392
255 351
255 352
255 925
255 926
255 927
255 354
255 394
255 928
255 929
255 359
255 930
255 590
255 931
255 932
255 400
255 933
255 934
255 885
255 371
255 935
255 936
255 937
255 376
255 377
255 938
255 378
255 939
255 940
255 941
255 942
255 425
255 464
255 386
255 943
255 944
255 945
255 389
255 946
256 283
256 474
256 1049
256 915
256 924
256 1050
256 650
256 288
256 926
256 369
256 1051
256 380
256 942
256 1052
256 403
257 345
257 354
257 598
257 1246
257 1247
257 333
257 1248
257 1249
257 922
257 390
257 336
257 1250
257 338
257 341
257 1251
257 1252
257 344
257 1253
257 1254
257 1255
257 952
257 352
257 1256
257 1257
257 1258
257 1259
257 925
257 1260
257 1261
257 927
257 1262
257 1206
257 928
257 358
257 929
257 1263
257 360
257 361
257 1264
257 362
257 472
257 1265
257 365
257 810
257 1266
257 1267
257 1268
257 1269
257 1270
257 1271
257 1272
257 369
257 1273
257 1274
257 934
257 1275
257 1276
257 1277
257 1278
257 937
257 377
257 938
257 378
257 1224
257 941
257 412
257 1279
257 386
257 446
257 944
257 1280
257 1281
257 1282
257 389
257 1283
257 946
258 799
258 434
258 922
258 390
258 1414
258 1678
258 1679
258 624
258 1092
259 288
259 926
259 1102
260 1650
260 2289
260 1203
261 262
262 842
262 484
262 996
262 1706
262 568
263 264
263 265
263 266
263 267
264 2565
266 421
266 428
266 891
267 537
267 538
267 539
267 540
267 541
267 542
267 543
267 544
267 545
267 546
267 547
267 548
267 549
267 550
267 551
267 552
267 553
267 511
267 488
267 554
268 269
268 270
268 271
268 272
269 1047
269 738
269 325
269 1314
269 1315
269 1316
269 1317
269 1318
269 891
269 1319
269 502
269 965
269 1320
269 1321
269 1322
269 1323
269 1324
269 893
269 896
269 1325
269 1326
269 894
270 273
270 274
271 1925
272 283
272 926
272 369
272 851
272 1708
272 1658
272 1206
272 1680
272 1709
272 1710
272 1711
272 912
272 1323
272 1296
272 1712
272 1028
273 1457
273 1130
273 1131
273 2417
274 335
274 1836
274 1303
274 516
275 276
275 277
275 278
276 1232
276 1337
277 391
277 298
277 2216
277 1375
277 841
277 1936
277 2217
277 1940
277 500
278 684
278 391
278 458
278 461
278 685
278 686
278 687
278 688
279 280
279 281
279 282
279 283
282 1727
283 721
283 723
283 724
283 284
283 719
283 725
283 288
283 726
283 727
283 728
283 729
283 292
283 730
283 294
283 731
283 296
283 300
283 301
283 302
283 732
283 303
283 733
283 734
283 735
283 308
284 581
284 1855
284 2261
285 412
285 795
285 405
286 333
286 1053
286 1054
286 405
286 1055
286 1056
286 924
286 1057
286 1058
286 1059
286 1060
286 1061
286 1062
286 1063
286 1064
286 1065
286 1066
286 1067
286 1068
286 1069
286 1070
286 1071
286 1072
286 1073
286 1074
286 1075
286 1076
286 1077
286 369
286 1078
286 1079
286 1080
286 1081
286 1082
286 1083
286 1084
286 1085
286 1086
286 913
286 536
286 942
286 1087
286 1088
286 1089
286 662
286 1090
286 722
286 1091
286 1092
286 1093
286 1094
287 412
288 382
288 474
288 581
288 582
288 434
288 598
288 1194
288 1195
288 1196
288 922
288 431
288 1197
288 1198
288 1199
288 1200
288 985
288 1201
288 1202
288 1203
288 349
288 1058
288 1204
288 952
288 953
288 926
288 455
288 1205
288 354
288 1206
288 1176
288 610
288 1207
288 1208
288 1209
288 1210
288 1211
288 1212
288 1213
288 573
288 1214
288 1215
288 1216
288 1217
288 1218
288 1219
288 1220
288 1221
288 1051
288 1222
288 955
288 564
288 1223
288 511
288 1224
288 300
288 623
288 956
288 1225
288 662
288 1226
288 1227
288 446
288 430
290 309
290 1077
291 364
291 1377
291 708
291 1467
291 336
291 338
291 1468
291 1469
291 1470
291 346
291 347
291 1294
291 1059
291 1471
291 1472
291 1473
291 695
291 1474
291 1475
291 365
291 1476
291 1477
291 1478
291 1020
291 1479
291 1480
291 1481
291 1482
291 1483
291 1484
291 1485
291 1486
291 485
291 628
291 939
291 942
291 412
291 1487
292 581
292 1596
292 1598
292 1599
292 405
292 1600
292 457
292 1601
292 1602
292 1603
292 1604
292 1605
292 1606
292 1607
292 1608
292 503
292 412
292 1609
292 467
292 1417
292 1610
293 1695
293 2493
294 434
294 409
294 1650
294 1133
294 1470
294 348
294 1657
294 406
294 1658
294 1659
294 1660
294 1661
294 1662
294 1663
294 1664
294 1141
294 1024
294 1665
294 1654
294 532
294 1145
294 1655
294 385
294 1666
294 1225
294 403
294 1348
295 431
295 348
295 432
295 433
295 434
295 435
295 436
295 437
295 438
295 439
295 440
295 441
295 442
295 443
295 411
295 444
295 445
295 446
296 582
296 431
296 1781
296 412
297 335
297 1134
297 399
297 369
297 998
297 1339
297 1911
297 1410
298 1935
298 841
298 1936
298 1937
298 1938
298 1939
298 497
298 1940
298 500
299 482
299 369
299 1997
299 1998
299 1999
300 474
300 582
300 1690
300 1131
301 495
301 1102
302 523
302 1134
302 2110
302 2111
302 1471
302 1612
302 2112
302 2113
302 1624
303 722
304 434
304 620
304 2224
304 984
304 1393
304 348
304 726
304 1993
304 1171
304 500
304 827
305 334
305 1163
305 1591
306 1322
306 1690
306 629
306 2345
307 582
307 1400
308 795
308 796
308 797
309 310
310 311
312 313
314 315
314 316
314 317
314 318
315 501
315 542
315 925
316 318
316 2537
316 319
316 320
316 2538
316 321
317 1666
317 987
317 1852
317 2643
318 319
318 320
318 321
318 322
319 2637
319 2638
319 2639
320 1049
320 2722
320 925
320 2639
321 542
321 2722
321 2820
322 925
323 324
323 325
323 326
325 1047
325 1425
325 2630
325 2631
325 2350
325 2632
325 1314
325 2103
326 600
327 328
327 329
328 1189
330 1973
330 1975
330 752
330 2569
331 332
331 333
331 334
331 335
331 336
331 337
331 338
331 339
331 340
331 341
331 342
331 343
331 344
331 345
331 346
331 347
331 348
331 349
331 350
331 351
331 352
331 353
331 354
331 355
331 356
331 357
331 358
331 359
331 360
331 361
331 362
331 363
331 364
331 365
331 366
331 367
331 368
331 369
331 370
331 371
331 372
331 373
331 374
331 375
331 376
331 377
331 378
331 379
331 380
331 381
331 382
331 383
331 384
331 385
331 386
331 387
331 388
331 389
332 360
332 517
333 489
333 2046
334 630
334 652
334 369
334 577
334 1546
334 2244
334 2526
334 1701
335 630
335 889
335 476
335 890
335 891
335 892
335 893
335 894
336 382
336 449
336 950
336 1135
337 396
337 628
339 382
339 1134
339 572
339 376
339 1249
339 390
339 795
339 340
339 368
341 499
343 572
343 628
343 1048
343 2636
344 628
345 1103
346 374
348 404
348 373
348 532
348 1147
348 735
349 527
349 1187
351 553
353 572
353 1734
354 566
354 1245
354 786
354 525
355 373
356 625
356 2216
357 2817
360 1331
360 1332
360 1333
360 1334
360 1335
360 1336
360 1292
360 1337
360 1338
360 1339
360 1226
360 1340
361 369
364 1317
364 396
364 847
364 1411
364 1098
364 1412
364 1324
364 628
364 1089
365 1047
365 572
366 396
366 628
366 920
367 2936
369 621
369 384
369 630
369 529
369 396
369 1152
369 1533
369 1534
369 1535
369 1536
369 1537
369 1538
369 1539
369 802
369 1540
369 1541
369 1542
369 1543
369 1544
369 588
369 1545
369 1546
369 1547
369 1548
369 1549
369 1550
369 1551
369 1552
369 1553
369 1554
369 1555
369 1556
369 964
369 1557
369 1558
369 1559
369 1560
369 1561
369 1562
369 912
369 1563
369 1564
369 1565
369 1566
369 1567
369 1568
369 1569
369 1570
369 1571
369 683
369 1572
369 1573
369 1574
369 1575
369 410
369 1576
369 1577
369 1578
369 1579
369 1221
369 483
369 473
369 628
369 1580
369 1581
369 1582
369 950
369 1087
369 1583
369 1584
369 1297
369 1585
369 1586
369 1327
369 1489
369 1587
369 872
369 1588
369 1119
369 1163
369 1589
369 1590
369 1591
371 564
373 646
373 396
373 800
373 1695
373 1501
373 1696
373 1697
373 570
373 769
373 1471
373 1698
373 1546
373 1108
373 954
373 1699
373 1700
373 1701
373 1161
373 377
373 628
373 564
373 626
373 1702
373 715
373 624
373 1410
374 390
374 391
374 392
374 393
374 394
374 395
374 396
374 397
374 398
374 399
374 400
374 376
374 401
374 402
374 386
374 403
375 487
375 535
375 507
375 1759
375 1213
375 464
375 1310
375 1738
376 723
376 1800
377 628
377 534
378 490
379 489
379 700
379 628
380 523
380 835
380 1896
380 1897
380 896
380 1898
381 798
382 475
382 535
382 536
383 489
383 578
383 579
384 600
384 627
384 628
384 629
384 630
384 534
385 438
385 2101
386 489
386 934
386 2101
386 1828
386 1438
386 520
388 1013
390 489
390 934
391 523
391 765
391 785
391 1001
391 1002
391 915
391 1003
391 1004
391 1005
391 1006
391 1007
391 1008
391 1009
391 582
391 607
391 1010
391 1011
391 1012
391 608
391 695
391 1013
391 1014
391 1015
391 1016
391 1017
391 458
391 830
391 1018
391 1019
391 1020
391 1021
391 1022
391 1023
391 677
391 1024
391 1025
391 1026
391 1027
391 1028
391 622
391 886
391 999
391 1029
391 525
391 446
391 1030
391 828
391 764
392 652
393 2265
395 2171
396 582
396 1399
396 1400
396 1401
396 1402
396 1403
396 1404
396 1405
396 1406
396 1075
396 1407
396 1408
396 628
396 1279
396 715
396 1409
396 1410
397 903
397 985
397 1433
397 1434
397 1435
397 1436
397 1343
397 691
397 1303
398 765
398 600
398 800
398 1496
398 1497
398 652
398 1498
398 401
398 1499
399 637
399 1508
399 1509
399 1510
399 1511
399 532
399 1147
401 743
401 737
401 1804
401 1805
401 1806
401 1807
401 1808
401 1809
401 1810
401 1811
401 655
402 580
402 581
402 582
402 583
402 584
402 585
402 586
403 564
403 961
404 405
404 406
404 407
404 408
404 409
404 410
404 411
404 412
404 413
405 652
405 1143
405 1147
405 734
405 1148
405 2595
406 848
406 1436
406 1655
406 586
407 1296
409 529
409 728
410 674
411 1141
411 1916
411 1917
411 1918
411 790
411 1919
411 1920
411 1072
411 1921
411 1922
411 1923
411 1924
411 575
411 1282
412 658
412 1614
412 533
412 732
412 1002
412 1253
412 1997
412 1135
412 1154
414 421
414 840
414 766
414 475
414 841
414 507
414 842
414 843
414 844
414 464
414 845
414 498
414 678
415 897
415 898
415 651
415 899
415 900
415 901
415 902
415 499
416 1244
416 1513
416 2355
416 2553
417 504
417 419
417 501
417 555
418 478
418 480
418 1106
418 1012
418 1175
418 669
418 1239
418 1240
418 1241
418 618
418 465
418 429
419 504
419 428
419 646
419 1723
419 459
419 997
420 746
420 694
420 1760
420 1443
420 1761
420 1762
420 1763
420 1324
420 1764
421 474
421 475
421 476
421 477
421 470
421 478
421 479
421 480
421 481
421 482
421 483
421 484
421 485
421 486
421 487
421 461
421 488
421 423
421 449
421 489
421 490
421 491
421 492
421 493
421 494
421 495
421 450
421 464
421 496
421 497
421 498
421 465
421 499
421 500
421 501
422 1386
422 1835
422 1102
423 523
423 426
423 773
423 1187
423 563
423 685
423 1695
423 2007
423 479
423 2008
423 1754
423 499
423 430
423 1281
423 1186
423 501
425 488
425 628
425 996
425 449
425 490
425 1349
425 2074
425 2075
425 2076
425 514
425 500
426 488
426 475
426 453
426 482
426 643
426 644
426 563
426 645
426 501
427 2061
427 1834
427 2053
427 2230
427 2231
428 633
428 736
428 746
428 747
428 748
428 555
428 749
428 750
428 751
428 476
428 752
428 606
428 507
428 753
428 754
428 755
428 756
428 757
428 758
428 560
428 759
428 760
428 761
428 459
428 484
428 485
428 762
428 763
428 639
428 490
428 464
428 764
430 504
430 523
430 475
430 610
430 776
430 622
430 951
430 555
430 2362
430 2330
430 2363
430 1209
430 2364
431 519
431 704
431 979
431 794
431 566
431 1154
431 1150
431 2532
431 2212
431 1605
433 1113
433 1153
433 1155
433 913
434 528
434 532
434 564
434 794
435 519
436 764
437 1128
437 2311
438 1249
438 1361
438 1362
438 1363
438 1364
438 1365
438 1093
438 946
439 1065
439 2903
443 1470
443 790
443 1875
443 1876
443 1360
443 825
444 519
444 628
445 2330
446 1607
446 1144
446 486
446 628
446 1026
446 997
446 825
446 694
446 2332
446 1151
446 2354
446 1782
446 764
447 448
447 449
447 450
448 919
449 674
449 552
449 473
449 1896
449 1925
449 985
449 1791
449 1070
449 1424
449 1620
449 2009
449 2010
449 2011
449 2012
450 1616
450 473
450 461
450 462
450 1620
450 2063
450 2064
450 2065
450 2066
450 2067
450 2068
450 2010
452 1851
452 461
452 1955
452 896
452 997
452 901
452 1988
452 1239
452 1169
452 1547
452 2586
453 504
453 633
453 645
453 736
453 840
453 986
453 555
453 606
453 507
453 758
453 1165
453 637
453 761
453 484
453 485
453 763
453 639
453 1026
453 494
453 957
453 568
453 501
454 648
455 674
455 1230
455 610
455 1237
455 1238
456 478
457 1620
457 997
457 2883
458 523
458 798
458 837
458 482
458 1375
458 602
458 542
458 993
458 1376
458 1377
458 1378
458 1379
458 1024
458 835
458 1380
458 1381
458 622
458 1135
458 836
458 501
459 504
459 475
459 507
459 1724
459 890
459 484
459 509
459 490
459 514
459 824
459 566
459 1168
459 1048
460 1411
461 474
461 480
461 833
461 1239
461 1915
461 1237
461 618
461 957
461 688
461 1427
462 1783
462 1915
462 1771
462 972
462 497
463 1147
464 488
464 475
464 1042
464 1736
464 1737
464 1967
464 1049
464 634
464 555
464 845
464 577
464 499
464 1738
465 2064
465 2010
465 2012
466 678
467 1226
467 1426
467 678
468 469
468 470
468 471
468 472
468 473
470 518
470 505
470 475
470 691
470 1975
470 2216
470 471
471 2661
471 2662
473 1855
473 1135
473 1000
474 658
474 947
474 952
474 953
474 610
474 954
474 484
474 955
474 623
474 956
474 957
474 958
475 504
475 535
475 980
475 981
475 982
475 634
475 983
475 555
475 984
475 985
475 672
475 986
475 476
475 987
475 988
475 754
475 989
475 990
475 991
475 992
475 883
475 993
475 559
475 760
475 562
475 994
475 484
475 509
475 485
475 995
475 486
475 512
475 996
475 493
475 494
475 997
475 998
475 566
475 499
475 999
475 1000
476 640
476 1046
476 1047
476 502
476 514
476 845
476 498
476 1048
477 1426
478 1098
478 1099
478 1100
478 1101
478 511
478 1102
479 674
479 482
479 511
479 499
479 501
479 2704
480 1047
481 555
482 645
482 560
482 555
482 1357
482 1358
482 1359
482 1187
482 484
482 563
482 1360
484 504
484 981
484 738
484 954
484 509
484 996
484 514
484 566
484 1752
484 499
484 1168
484 501
485 1777
485 842
485 1778
486 798
486 1829
486 1130
486 852
486 764
487 502
487 503
488 555
488 556
488 505
488 557
488 507
488 558
488 559
488 560
488 561
488 562
488 563
488 564
488 493
488 494
488 514
488 565
488 566
488 567
488 499
488 568
489 569
489 570
489 571
489 572
489 573
489 574
489 575
489 576
489 577
489 499
490 523
490 876
490 725
490 1134
490 1398
490 631
490 927
490 2029
490 2030
490 2031
490 577
490 920
490 1119
491 2009
491 577
492 633
492 1799
493 840
493 994
493 2038
493 983
493 501
495 582
495 1299
495 2062
496 1832
497 511
497 1008
497 2121
498 503
498 1966
498 1515
498 1048
499 637
499 835
499 2059
499 577
499 567
499 1352
499 983
499 555
499 738
499 1012
499 2273
499 2274
500 547
500 618
500 575
500 524
500 1993
500 2313
500 2314
500 827
500 722
501 645
501 502
501 1187
501 823
501 1726
501 555
501 2409
501 1357
501 844
501 2410
502 1413
502 788
502 750
502 1383
502 1414
502 1421
502 1422
502 1423
502 1170
502 1424
502 705
502 1425
502 1416
502 845
502 888
502 1426
502 1427
503 1413
503 1414
503 961
503 1424
503 1893
503 1894
503 1895
503 1426
503 678
504 505
504 506
504 507
504 508
504 509
504 510
504 511
504 512
504 513
504 514
504 515
504 516
505 555
506 555
506 2719
507 750
507 1166
507 560
507 566
507 1167
507 568
507 1168
508 645
508 2733
509 634
509 749
509 988
509 512
509 845
509 566
510 517
511 1967
511 555
511 672
511 1968
511 1017
511 1969
511 1099
511 1970
511 997
511 1971
511 1738
513 1706
514 996
514 749
514 2100
514 845
515 555
516 2059
516 2371
517 2059
517 2091
517 1226
517 678
517 1967
517 1332
517 1333
517 2560
517 2090
519 520
519 521
519 522
519 523
519 524
519 525
520 1147
520 1352
520 2485
523 597
523 598
523 599
523 600
523 601
523 602
523 603
523 539
523 604
523 605
523 606
523 607
523 608
523 609
523 610
523 611
523 612
523 613
523 614
523 615
523 616
523 617
523 618
523 619
523 620
523 621
523 622
523 623
523 624
524 917
524 620
524 1147
524 2261
525 582
525 1245
525 786
526 942
526 2118
526 1660
526 1678
527 1120
527 1121
527 1122
527 570
527 1123
527 1124
527 1125
527 1126
527 558
527 1127
527 1128
527 575
527 1129
527 1130
527 1131
527 1132
528 1169
528 1170
528 1171
529 1172
529 598
529 1173
529 790
529 1174
529 1175
529 882
529 1176
529 814
529 1177
529 1178
529 793
529 1171
530 1345
530 1274
530 1346
531 689
531 1712
532 1708
532 1859
532 1471
532 1860
532 1660
532 1212
532 1073
532 1861
532 1862
532 1655
532 624
532 1624
533 1488
533 594
533 800
533 2069
533 2070
533 662
534 1385
534 575
534 1297
534 1990
534 1151
534 1999
536 2026
537 538
537 2517
538 2321
538 1977
538 1978
539 2603
539 1854
541 1031
541 1032
541 741
541 1033
541 1034
542 1975
543 2742
544 2758
544 1033
545 2742
546 2194
546 2216
546 2833
547 674
547 1284
547 1488
547 1489
547 951
549 990
549 1615
549 552
549 744
552 1032
552 1846
552 1847
552 1038
552 1751
552 1848
552 1040
552 1849
552 1850
552 1036
553 860
553 1879
553 1880
553 1881
553 1263
553 1882
553 1883
553 1884
553 1885
553 1886
553 1887
553 1888
553 1889
553 1890
553 1184
553 1891
553 1892
554 619
555 994
555 1738
555 756
555 2557
556 996
556 596
556 842
557 997
557 957
558 683
559 1925
559 579
559 1933
560 633
560 645
560 986
560 1354
560 1355
560 1356
560 763
560 1168
561 2924
562 1515
562 1516
562 994
562 1517
563 645
563 643
563 900
564 926
564 1161
564 632
564 938
564 1399
564 604
564 1501
564 1947
564 1948
564 1949
564 1264
564 1112
564 877
564 1950
564 1272
564 1273
564 1951
564 1952
564 1953
564 1954
564 1955
564 1171
564 1634
565 965
565 1124
565 2107
565 1129
565 2108
566 1134
566 632
566 845
566 577
566 634
566 749
567 1332
567 983
567 2246
567 2247
568 637
568 1706
568 1165
570 2118
572 1395
572 788
572 847
572 1398
575 628
575 1684
575 2039
575 2021
575 794
575 1828
575 2040
576 938
576 628
577 1141
577 1654
577 1753
577 2171
577 2172
577 998
577 901
577 1163
579 1755
579 1360
579 1926
579 1927
579 1928
579 1298
579 1929
579 1931
580 2256
580 2257
580 2393
580 2515
581 831
581 863
581 1150
581 1151
581 1152
581 637
582 922
582 1156
582 1157
582 769
582 926
582 1158
582 1134
582 917
582 1159
582 1160
582 1161
582 617
582 1143
582 628
582 629
582 1102
582 1130
582 1131
582 1162
582 1132
582 1163
583 917
583 2769
584 735
584 849
585 587
585 588
585 589
585 590
585 591
585 592
585 593
585 594
585 595
585 596
585 586
586 2257
586 2394
586 2062
586 2395
586 2393
586 2396
588 1882
593 1679
593 1859
593 1558
594 889
594 637
594 1681
594 1051
594 1682
596 1437
597 1839
600 876
600 878
600 879
600 880
600 604
600 881
600 882
600 883
600 884
600 885
600 762
600 629
600 823
600 886
600 887
600 888
601 916
602 1381
602 623
602 1730
602 2096
603 1395
603 1396
604 617
604 2026
604 1426
605 823
605 622
605 2708
605 2709
605 2548
606 1237
606 622
606 625
606 2716
607 629
607 1069
608 765
608 785
608 1113
608 691
608 824
608 1154
608 984
608 1714
608 1019
608 2083
609 616
609 622
609 1646
610 953
610 660
610 776
610 1052
610 662
613 2114
614 2912
617 683
617 822
617 1456
617 886
617 1674
617 1730
617 1634
618 630
618 788
618 737
618 1990
618 1748
618 1112
619 725
619 750
619 1202
619 1107
619 757
619 759
619 1682
619 1940
619 1752
620 965
620 1128
620 2042
620 790
620 2043
620 2044
620 794
621 625
621 626
622 1328
622 2114
622 2115
622 623
622 1730
623 953
623 1052
624 1137
624 646
624 1042
624 1024
624 1187
624 1655
624 919
624 745
624 647
624 1656
624 2275
624 2276
624 1872
625 1325
625 1326
625 1839
625 2509
625 634
625 1501
626 628
626 1235
627 1134
627 1753
628 812
628 1863
628 1864
628 1059
628 927
628 1865
628 1866
628 1264
628 1475
628 728
628 1867
628 1273
628 941
628 1279
628 1339
628 715
628 1461
628 1409
628 1162
628 1410
628 946
629 934
629 969
629 1143
629 914
629 1868
629 1869
629 1870
629 1871
629 1132
629 1872
630 631
630 632
631 852
631 914
631 1546
632 646
632 1161
632 776
632 1837
632 1839
632 800
632 1195
632 1157
632 880
632 1697
632 1546
632 1680
632 1108
632 954
632 1840
632 1841
632 1842
632 1843
632 1089
632 1702
632 1844
632 1845
633 634
633 635
633 636
633 637
633 638
633 639
633 640
634 1654
634 1621
636 1437
636 637
637 736
637 1502
637 1503
637 1504
637 1505
637 1165
637 1506
637 1356
637 763
637 1507
637 996
641 642
645 646
645 647
646 1349
646 1350
647 1349
647 2865
648 649
648 650
648 651
648 652
648 653
648 654
648 655
651 785
651 776
652 1500
652 1501
652 1060
652 1073
652 852
652 945
653 1961
656 657
656 658
656 659
656 660
656 661
656 662
657 743
657 2512
658 947
658 948
658 949
658 674
658 950
658 951
659 674
659 951
659 764
659 949
660 1303
661 663
661 664
661 665
661 666
661 667
662 674
662 948
662 951
663 871
663 1003
663 2677
663 2678
663 2333
663 2679
664 863
666 2955
667 677
668 669
668 670
669 674
669 1803
669 764
669 1662
670 671
670 672
670 673
670 674
670 675
670 676
670 677
671 2594
671 1257
672 2604
673 832
673 2677
674 1230
674 717
674 833
674 984
674 1231
674 1232
674 1233
674 1234
674 1235
674 1236
676 1426
676 2461
677 871
677 1000
678 1221
678 2414
678 2415
678 2416
678 2417
679 680
679 681
679 682
680 682
680 681
681 682
682 683
683 1037
683 803
683 1626
683 1627
683 1628
683 1629
683 1559
683 1630
683 1631
683 969
683 1632
683 822
683 1633
683 1634
683 1635
684 686
684 2584
684 2585
685 746
685 2006
687 1113
687 1019
688 1530
688 2194
689 690
689 691
689 692
689 693
690 1128
690 691
691 781
691 784
691 903
691 775
691 1144
691 1026
691 2078
691 1668
691 2079
691 1714
691 1530
691 2080
691 1307
691 2081
691 2082
691 2083
691 2084
691 2085
691 2086
691 824
691 734
691 1675
691 698
692 694
692 695
692 696
692 697
692 698
692 699
693 798
693 1790
693 2290
693 2291
693 2292
694 1894
694 1026
694 1236
694 750
694 2450
694 710
694 2139
694 2451
694 1630
694 2452
694 2453
694 2454
694 2455
695 1026
697 2909
698 2188
698 1460
698 1668
698 2189
699 1521
699 1186
699 908
700 701
700 702
700 703
700 704
700 705
700 706
700 707
704 775
704 1648
704 1649
704 893
704 1132
705 998
705 1048
709 2280
709 2154
709 1399
709 1856
709 1002
709 2305
709 782
709 2705
709 2706
710 2816
712 1457
712 1434
714 1814
714 1971
715 2221
715 2237
715 2229
717 1725
717 1182
717 1490
718 1851
719 1441
719 1203
721 722
722 846
722 1540
725 922
725 938
725 920
725 1119
726 1400
727 2885
727 2886
731 1819
731 1820
731 1821
731 1818
731 1279
732 862
733 1284
733 1609
733 2193
734 781
734 1171
734 2243
734 2244
735 2386
736 737
736 738
736 739
736 740
736 741
736 742
736 743
736 744
736 745
737 2554
737 2555
737 1834
738 1047
738 900
738 745
738 1935
738 2611
739 1240
740 741
740 1747
740 1750
741 1341
741 1342
741 1343
741 1344
741 744
742 1032
744 1032
744 1736
744 1846
744 1751
744 1834
744 1901
744 1902
744 1903
744 1033
744 1904
744 1905
745 1898
746 1752
746 981
747 2461
748 2489
748 2490
748 2491
749 996
749 988
750 2581
750 1724
750 2103
750 2582
750 2583
751 2100
751 842
752 1847
752 842
753 953
755 2794
757 1187
757 2450
759 2450
760 845
760 1048
761 902
762 1803
763 842
763 1899
764 775
764 1894
764 1026
764 2045
764 1135
764 1236
764 779
764 904
764 1005
764 2013
764 1717
764 2431
764 1718
765 766
765 767
765 768
765 769
765 770
765 771
765 772
765 773
765 774
765 775
765 776
765 777
765 778
765 779
766 965
766 1327
766 2544
766 2545
767 2294
767 2314
767 1672
767 2522
767 2580
767 2295
768 772
768 773
768 2640
768 2246
769 2117
769 2762
772 1107
773 989
773 1527
773 1530
773 1531
773 1532
773 824
775 1113
775 1645
775 1025
775 1646
775 1647
776 1214
776 906
776 952
776 1209
776 954
776 1812
776 955
776 956
778 780
779 2319
779 1624
779 2368
781 782
781 783
781 784
782 2280
782 1399
782 1856
782 1002
782 2513
782 2305
785 786
785 787
786 1245
786 1008
788 1048
790 1144
790 1145
790 1327
793 2071
794 2212
794 1605
794 1236
798 799
798 800
798 801
798 802
798 803
798 804
798 805
798 806
798 807
798 808
798 809
798 810
798 811
798 812
798 813
798 814
798 815
798 816
798 817
798 818
798 819
798 820
798 821
798 822
798 823
798 824
798 825
798 826
798 827
798 828
799 829
799 830
800 1223
800 1381
800 1499
800 2467
800 2273
800 2468
800 2469
800 2470
800 2471
800 818
801 965
801 969
803 969
808 923
808 1853
812 965
814 1490
814 1491
814 1492
814 1306
814 858
814 828
817 965
818 3011
824 1380
824 2157
824 2158
824 953
824 1013
824 2159
824 1229
825 1125
825 1875
825 2268
825 2269
826 965
827 1726
828 859
828 1182
828 862
829 1719
829 2207
829 2447
829 954
829 2448
832 833
832 834
832 835
832 836
833 1899
833 1544
833 834
833 2559
833 868
836 1054
836 1205
837 1096
837 857
837 995
837 1097
838 1237
838 2318
840 846
840 845
842 1046
843 2774
844 2867
845 2166
845 2167
845 1046
845 1968
845 1419
845 2041
846 1374
846 2650
846 2651
846 2652
846 2498
847 1196
847 1260
847 2506
848 1112
850 2331
850 1412
850 1913
851 895
851 1707
851 1604
851 1149
852 1143
852 938
852 1466
852 1171
852 922
852 1008
852 2270
852 2271
852 1409
853 854
853 855
853 856
854 857
854 858
854 859
854 860
854 861
854 862
855 2168
855 2169
855 856
855 1756
856 2170
857 861
857 1097
857 2207
858 1493
858 1494
858 859
858 1182
858 862
858 1495
859 1493
859 1494
859 1492
859 1306
859 1733
859 1734
859 1182
859 860
859 861
859 862
860 1322
860 1877
860 1515
860 1878
860 861
860 862
861 1725
862 1182
862 995
862 1493
862 1490
862 1494
862 1492
862 1306
862 2072
862 2073
863 1392
863 1146
863 2021
863 1598
863 1271
863 2478
866 2059
866 872
866 2032
866 2288
867 1000
871 1376
871 1822
871 1000
872 2288
873 2412
873 1610
874 875
876 877
877 1636
878 1911
880 965
883 2854
883 2315
883 2855
886 2213
888 894
889 895
889 896
890 913
892 1739
892 1740
892 913
893 894
894 1425
895 1981
895 2483
895 1285
895 2484
896 1421
896 1416
898 2060
900 1976
900 1982
901 2174
901 2172
901 2175
901 1012
901 2176
902 1437
902 2228
902 2229
903 904
903 905
903 906
903 907
903 908
905 909
907 985
907 1153
908 1183
908 1521
908 1726
908 1171
908 1281
908 1186
908 1522
908 1520
908 2185
909 1837
910 911
910 912
910 913
912 1593
912 1212
913 1488
913 1592
913 1991
913 1544
913 1992
913 1993
913 1994
913 1995
913 1076
913 1996
914 1868
914 2487
914 1869
914 2488
915 1622
915 1842
916 965
916 2566
917 1464
917 1465
917 938
917 1466
917 1130
917 1131
917 1171
918 1688
918 1689
918 1690
919 1695
919 2172
919 2232
919 2233
919 2234
919 2235
919 1577
919 2236
920 1134
920 2141
920 1119
923 2614
924 969
924 1076
926 1228
926 1229
931 2493
932 950
934 941
934 943
938 979
938 1856
938 943
938 1132
940 1985
940 1553
940 1986
940 1965
942 2037
943 1438
945 1690
948 995
948 949
950 2050
950 2051
950 2052
951 984
951 2293
951 1236
951 1303
952 953
953 1052
954 1294
956 2184
957 1221
957 1952
957 1953
957 1005
957 2194
958 1741
959 977
959 978
959 979
960 1037
960 963
960 1039
960 1042
961 1729
963 1629
965 1037
965 1438
965 1195
965 1439
965 1440
965 1441
965 1254
965 1442
965 1443
965 1444
965 1445
965 1315
965 1446
965 1447
965 1448
965 1449
965 1450
965 1451
965 1023
965 1452
965 1453
965 1454
965 1455
965 1456
965 1457
965 1458
965 1459
965 1460
965 1461
965 975
965 1462
965 1280
965 1463
969 1037
969 1636
969 1546
969 1628
969 1637
969 1638
969 1639
970 1784
972 995
976 1001
977 985
978 2993
982 2401
982 2006
984 1303
984 2572
984 2051
985 1719
987 2400
989 1298
993 1338
993 1994
995 1779
995 1780
995 1781
995 1782
995 1783
995 1784
995 1785
995 1786
995 1787
995 1788
995 1789
995 1790
995 1026
996 1168
997 1012
999 1188
1002 1962
1002 2280
1002 1399
1002 1856
1002 2305
1002 2130
1002 2527
1002 1404
1002 2528
1002 2529
1002 2530
1002 2531
1003 2319
1003 1516
1005 2641
1005 2081
1006 2108
1006 1121
1007 2665
1008 1245
1008 2425
1009 1188
1009 1348
1009 2641
1010 1011
1011 1113
1012 2765
1012 2766
1012 2767
1015 2811
1017 1336
1019 1113
1019 1380
1020 2807
1021 2233
1023 1107
1023 1640
1023 1109
1023 1641
1023 1642
1024 1683
1024 1684
1024 1685
1024 1686
1024 1687
1025 1769
1025 1770
1025 1771
1027 1153
1027 1980
1027 2034
1028 1183
1028 1650
1028 1526
1029 2318
1030 1182
1030 2184
1030 1297
1032 1035
1032 1036
1036 1507
1036 1846
1036 2053
1036 1903
1036 1904
1036 1905
1036 2054
1036 2055
1036 1487
1037 1038
1037 1039
1037 1040
1037 1041
1038 2721
1039 1040
1039 2880
1040 1041
1041 1629
1042 1292
1042 1514
1043 1044
1043 1045
1044 2175
1044 2633
1044 1045
1044 1564
1044 2634
1044 2635
1045 1564
1046 1047
1047 1190
1047 1191
1047 1192
1047 1193
1048 1413
1048 1319
1048 1416
1048 1417
1048 1427
1048 1414
1048 2432
1048 1423
1048 1515
1048 2433
1048 2230
1048 1893
1048 2365
1049 1175
1049 1235
1049 1388
1049 1332
1049 2472
1049 2427
1050 2693
1050 2694
1050 1232
1052 1201
1054 2522
1055 2328
1056 1095
1066 1715
1075 1266
1076 1190
1076 2956
1079 1166
1079 1621
1079 1234
1088 2178
1089 1105
1089 1496
1090 1495
1096 1179
1096 1180
1096 1181
1096 1182
1097 2050
1098 1291
1098 2775
1099 2390
1102 1382
1102 1385
1102 2163
1102 2164
1102 2165
1104 1105
1105 1106
1105 1107
1105 1108
1105 1109
1105 1110
1105 1111
1107 1496
1109 1496
1109 2700
1110 1208
1113 1153
1113 1154
1114 1183
1115 1522
1115 1521
1115 1186
1117 1186
1118 1521
1118 1522
1118 2339
1118 1281
1118 1186
1120 1131
1120 2198
1120 2109
1120 2562
1120 1980
1120 2605
1125 1299
1125 1300
1125 1301
1125 1302
1128 1742
1128 1743
1128 1744
1128 1745
1128 1746
1129 2109
1129 1151
1130 1143
1130 2190
1130 1980
1130 1957
1130 2191
1130 1170
1130 2192
1131 2190
1131 1394
1131 1980
1131 2197
1131 2198
1132 1818
1132 2287
1132 1863
1132 1816
1132 1864
1132 1733
1133 1436
1133 1296
1133 1149
1133 2440
1133 2441
1133 2071
1133 2442
1134 1352
1134 1206
1134 1141
1134 1163
1135 2117
1135 2118
1135 2119
1135 2025
1135 2120
1135 1891
1138 1444
1139 2740
1139 2780
1139 2781
1141 1667
1143 1690
1143 1818
1143 1310
1144 1823
1145 1912
1145 1913
1145 1914
1146 2020
1146 1598
1146 2021
1146 1610
1147 1188
1148 1679
1149 1391
1149 1654
1149 1392
1149 1285
1149 2418
1149 2419
1149 2420
1149 1604
1149 2421
1149 2422
1149 2423
1150 1611
1151 2588
1152 1428
1152 1429
1153 1981
1153 1980
1154 1347
1154 2328
1154 1805
1154 1472
1155 1847
1156 2556
1163 1911
1164 1459
1164 1860
1167 1396
1169 1239
1170 1298
1171 1522
1175 1242
1175 1243
1175 1244
1176 2393
1180 1181
1180 2225
1180 2853
1181 1523
1182 1493
1182 1491
1182 1772
1182 1773
1182 1774
1182 1775
1182 1776
1183 1184
1183 1185
1183 1186
1185 1585
1185 2222
1186 1281
1186 1520
1187 1720
1187 1399
1187 1428
1187 1721
1187 1525
1187 1722
1187 1495
1190 1544
1190 1993
1190 1994
1191 2793
1191 1234
1192 1425
1193 1425
1195 2499
1196 1260
1196 2505
1199 2541
1204 1682
1204 2225
1204 1415
1208 1646
1212 1322
1213 1214
1214 1418
1214 1419
1215 2479
1216 2637
1221 1691
1221 1692
1221 1233
1221 1498
1221 1693
1222 1801
1222 1802
1223 1964
1223 1247
1223 1965
1226 2089
1229 1803
1229 1730
1229 2134
1229 2334
1230 1237
1231 2218
1232 1975
1233 2310
1235 1622
1235 1906
1235 1980
1235 1907
1235 1908
1235 1605
1235 1981
1237 1743
1237 1238
1237 1507
1237 1988
1237 1741
1238 1989
1239 1771
1239 2194
1240 1289
1240 1290
1240 1291
1240 1292
1240 1293
1242 1292
1242 1792
1242 2163
1242 1334
1243 1332
1244 1792
1244 1793
1247 2504
1249 1534
1253 2663
1257 2331
1257 2754
1260 2505
1264 1297
1266 1655
1266 2723
1267 2954
1273 2988
1275 2276
1281 1522
1284 1285
1284 1286
1284 1287
1285 1606
1285 1607
1285 1392
1285 1804
1285 1394
1285 2418
1285 2484
1286 1288
1287 1606
1287 1607
1287 1838
1287 2367
1287 2212
1288 2571
1291 1513
1291 2087
1292 1512
1292 1513
1293 1513
1294 1642
1294 1641
1296 1660
1297 1501
1298 1925
1298 1933
1299 2624
1299 1759
1300 1759
1302 1759
1303 2095
1303 2366
1304 1305
1306 1665
1313 1818
1314 1315
1314 2053
1314 1318
1317 1327
1319 1413
1319 1383
1319 1414
1319 1415
1319 1416
1319 1417
1322 1731
1322 1732
1324 1752
1325 2179
1325 2180
1325 1326
1326 2179
1326 2180
1327 1438
1328 2310
1332 2089
1333 2089
1333 2508
1334 2320
1334 2573
1334 2574
1334 1342
1334 2575
1334 2576
1335 2128
1338 2087
1338 2088
1338 2089
1339 2087
1340 2033
1340 2390
1340 2391
1340 2392
1341 1751
1342 2163
1347 1348
1348 2400
1350 1351
1352 2482
1355 1741
1360 1925
1360 1933
1360 2035
1360 2036
1362 2923
1366 1367
1366 1368
1367 1457
1369 1370
1369 1371
1372 1373
1372 1374
1375 2216
1381 2096
1381 2097
1382 1383
1382 1384
1382 1385
1382 1386
1382 1387
1383 1436
1383 1388
1383 2587
1383 2588
1384 1388
1384 2587
1385 1386
1385 1388
1387 1388
1388 2109
1388 2424
1388 2425
1388 2426
1388 2427
1389 1390
1389 1391
1389 1392
1391 1393
1391 1394
1392 1906
1392 1877
1392 1907
1392 1908
1395 1396
1395 1397
1397 2318
1399 2280
1399 2154
1399 1856
1399 2305
1399 2463
1409 1929
1409 2286
1415 1682
1415 1719
1415 2293
1415 2199
1415 2206
1416 1421
1416 2160
1417 2351
1418 1420
1421 2160
1425 2022
1425 2023
1425 2024
1427 2194
1427 2365
1430 1431
1430 1432
1438 2456
1438 2457
1444 2477
1447 2957
1448 1505
1448 2972
1454 1735
1456 1794
1456 1797
1457 1946
1457 1581
1458 2181
1460 2188
1460 1668
1466 1987
1471 2566
1490 1725
1490 1491
1490 2548
1492 1494
1493 1494
1495 2353
1498 1694
1499 2358
1499 2359
1499 2360
1499 2361
1499 2001
1501 2666
1502 2449
1504 2692
1506 2944
1507 1989
1508 2273
1511 2273
1511 2388
1516 2152
1516 2346
1516 1782
1518 1519
1520 1521
1520 1522
1521 1522
1521 1726
1522 1719
1525 2965
1527 1528
1527 1529
1528 1932
1528 1530
1530 2376
1532 1648
1533 2283
1534 2520
1534 1619
1540 2354
1541 2476
1543 1755
1543 1934
1557 2920
1564 2633
1567 2435
1569 2717
1580 1960
1583 2092
1584 2098
1585 2221
1586 1606
1589 2331
1592 1593
1592 1594
1593 1595
1596 1597
1599 2479
1604 2419
1604 2772
1604 2840
1604 2942
1606 1619
1606 1620
1607 1680
1609 2193
1610 2413
1614 2005
1614 1648
1614 1872
1616 1617
1616 1618
1617 1618
1621 1839
1622 1623
1622 1624
1623 1625
1624 1655
1624 2368
1624 2369
1624 2370
1629 2468
1629 2911
1636 2727
1636 2728
1642 2025
1642 2026
1643 1644
1646 1794
1646 2239
1646 2240
1646 2241
1646 2242
1646 1647
1647 2242
1647 2245
1647 2347
1648 1650
1648 1654
1648 1837
1650 1651
1650 1652
1650 1653
1650 1654
1650 1655
1654 1765
1654 1655
1654 1712
1655 1661
1659 2566
1665 1728
1665 1729
1667 2027
1667 2028
1667 2305
1667 2720
1667 1815
1668 2189
1669 2667
1669 2668
1672 2296
1672 2522
1673 1828
1675 2082
1675 2189
1676 2098
1677 1762
1682 2199
1682 2200
1682 2201
1682 2202
1682 2203
1682 2204
1682 2205
1682 2206
1682 1719
1682 1940
1686 2057
1690 1816
1690 1817
1691 2310
1693 2310
1693 2311
1695 1735
1695 2096
1695 2492
1695 2493
1695 2494
1695 2495
1698 2238
1698 2806
1703 1704
1704 1705
1706 2329
1710 2940
1714 2687
1715 2771
1717 1719
1719 2207
1719 2208
1719 2209
1724 1965
1724 2450
1726 2078
1726 2185
1727 1825
1727 2724
1731 1803
1736 1737
1736 1738
1738 2406
1745 3012
1747 1748
1747 1749
1747 1750
1750 1751
1751 2744
1751 2745
1752 2272
1753 2003
1753 2602
1754 2842
1755 1925
1755 1932
1755 1933
1755 1934
1757 1758
1759 2674
1761 1764
1769 1797
1769 1869
1770 2881
1771 1844
1777 1839
1778 2477
1781 2729
1782 2319
1782 2839
1783 2882
1785 2941
1788 2941
1790 1791
1791 1915
1792 2568
1794 1795
1794 1796
1795 1797
1795 2166
1797 2477
1798 1799
1799 1831
1799 1832
1799 1833
1799 1834
1804 2130
1813 1814
1814 1815
1824 1825
1824 1826
1825 1827
1825 1826
1826 2045
1826 2046
1826 2047
1826 2048
1826 2049
1828 2172
1828 2223
1830 2248
1833 2685
1837 1838
1838 2193
1839 2459
1839 2460
1846 1975
1846 2688
1847 1976
1847 2605
1847 2444
1847 2691
1853 2730
1853 2614
1853 2731
1853 2732
1856 2280
1856 2154
1856 2513
1856 2305
1856 2104
1857 2534
1859 2660
1860 2600
1860 2871
1865 2618
1865 2619
1869 2749
1870 1873
1870 1874
1872 2398
1872 2399
1875 2200
1877 2606
1877 2607
1895 1966
1898 2177
1903 2688
1903 2910
1906 1907
1906 1908
1906 1909
1906 1910
1913 2196
1915 2194
1917 2521
1925 1926
1925 1927
1925 1928
1925 1929
1925 1930
1925 1931
1927 1933
1928 1933
1929 1933
1930 1934
1930 2103
1931 1933
1935 1940
1937 1938
1938 2872
1940 2216
1941 1942
1943 1944
1943 1945
1947 2682
1948 2686
1952 1956
1952 1957
1952 1958
1952 1959
1955 2116
1959 2182
1962 1963
1967 2443
1968 1971
1969 2902
1970 1983
1970 1984
1972 1973
1972 1974
1973 1975
1973 1976
1973 1977
1973 1978
1973 1979
1974 1978
1975 2444
1975 2445
1975 2446
1976 2570
1978 2569
1979 2905
1979 2569
1979 2973
1992 2492
1995 2725
1995 2931
2000 2001
2000 2002
2005 2615
2006 2321
2009 2033
2011 2267
2013 2664
2021 2041
2022 2350
2026 2032
2027 2028
2030 2376
2032 2795
2032 2796
2034 2807
2040 2226
2040 2227
2051 2616
2052 2442
2052 2877
2056 2057
2056 2058
2057 2625
2057 2626
2059 2060
2059 2061
2069 2312
2070 2074
2076 2077
2078 2436
2082 2189
2087 2560
2087 2090
2087 2521
2088 2906
2089 2090
2089 2091
2092 2740
2094 2700
2098 2099
2105 2218
2109 2561
2109 2562
2114 2907
2121 2122
2122 2925
2123 2124
2126 2435
2152 2312
2154 2335
2154 2305
2154 2336
2154 2155
2155 2336
2155 2337
2161 2162
2163 2320
2163 2573
2163 2574
2163 2575
2163 2576
2164 2689
2164 2165
2166 2507
2167 2622
2167 2507
2168 2523
2169 2958
2170 2912
2171 2690
2171 2506
2173 2287
2173 2682
2175 2633
2179 2799
2181 2312
2182 2183
2186 2187
2188 2189
2189 2411
2192 2963
2193 2725
2193 2726
2195 2196
2199 2751
2199 2206
2200 2208
2209 2280
2210 2211
2211 2675
2211 2676
2212 2901
2218 2219
2218 2220
2219 2816
2221 2222
2221 2225
2224 2450
2226 2227
2228 2524
2228 2525
2229 2319
2237 2238
2238 2806
2243 2345
2243 2558
2246 2472
2248 2539
2248 2540
2248 2249
2249 2997
2250 2251
2250 2252
2250 2253
2250 2254
2250 2255
2250 2256
2256 2257
2257 2393
2258 2259
2259 2260
2262 2263
2277 2278
2277 2279
2280 2305
2280 2306
2280 2307
2280 2308
2280 2309
2284 2844
2290 2926
2293 2751
2293 2752
2293 2753
2294 2295
2294 2296
2296 2297
2296 2298
2296 2299
2296 2300
2296 2301
2296 2302
2310 2723
2314 2315
2314 2316
2315 2611
2316 2435
2317 2318
2318 2707
2320 2321
2321 2758
2324 2325
2324 2326
2324 2327
2330 2852
2330 2853
2331 2332
2331 2333
2333 2605
2333 2572
2335 2513
2335 2529
2336 2513
2336 2759
2336 2649
2347 2348
2352 2914
2352 2966
2352 2971
2355 2356
2361 2891
2361 2892
2365 2434
2367 2778
2367 2779
2368 2629
2373 2496
2376 2673
2387 2388
2387 2389
2393 2927
2400 2853
2401 2402
2401 2403
2401 2404
2401 2405
2414 2737
2420 2772
2420 2840
2422 2423
2425 2427
2426 2472
2428 2429
2429 2430
2434 2605
2435 2710
2435 2711
2435 2712
2437 2438
2437 2439
2440 2698
2442 2878
2444 2555
2449 2808
2449 2809
2450 2473
2456 2458
2458 2691
2461 2462
2464 2465
2465 2466
2467 2608
2471 2999
2473 2474
2476 2843
2477 2616
2477 2617
2480 2481
2485 2486
2487 2812
2487 2556
2487 2488
2487 2813
2488 2964
2489 2516
2490 2577
2496 2497
2500 2501
2500 2502
2500 2503
2507 2622
2510 2563
2510 2564
2513 2649
2518 2519
2519 2815
2527 2596
2535 2536
2538 2639
2542 2543
2546 2547
2548 2960
2549 2550
2549 2551
2550 2552
2552 2776
2552 2777
2555 2691
2556 2847
2566 2567
2567 2637
2578 2579
2584 2908
2589 2590
2591 2592
2592 2593
2596 2597
2596 2598
2597 2598
2597 2599
2599 2968
2602 2998
2609 2610
2611 2799
2612 2613
2618 2619
2618 2620
2618 2621
2619 2620
2619 2621
2627 2628
2637 2642
2637 2643
2640 2811
2644 2645
2644 2646
2645 2647
2646 2647
2655 2656
2655 2657
2658 2659
2661 2805
2669 2670
2669 2671
2669 2672
2674 2967
2677 2814
2680 2681
2683 2684
2687 2698
2691 2809
2695 2696
2696 2697
2698 2699
2698 2700
2698 2701
2698 2702
2698 2703
2708 2709
2710 2713
2714 2715
2717 2718
2724 2974
2724 2975
2730 2879
2734 2735
2734 2736
2738 2739
2740 2741
2745 2937
2746 2747
2746 2748
2746 2749
2747 2750
2749 2750
2754 2755
2756 2757
2758 2800
2760 2761
2762 2866
2763 2764
2768 2769
2769 2770
2770 2810
2772 2773
2782 2783
2784 2785
2784 2786
2784 2787
2788 2789
2790 2791
2791 2792
2795 2796
2797 2798
2801 2802
2803 2804
2815 2928
2818 2819
2821 2822
2821 2823
2824 2825
2826 2827
2826 2828
2827 2829
2827 2830
2831 2832
2834 2835
2836 2837
2836 2838
2841 2842
2845 2846
2849 2850
2852 2853
2854 2856
2857 2858
2859 2987
2860 2861
2862 2994
2863 2864
2864 2916
2867 2868
2869 2870
2871 3018
2873 2874
2875 2876
2887 2888
2889 2890
2893 2894
2895 2896
2897 2898
2899 2900
2902 2915
2913 2914
2917 2918
2918 2919
2920 2980
2920 2981
2921 2922
2929 2930
2932 2933
2934 2935
2938 2939
2943 2944
2946 2947
2948 2949
2948 2950
2951 2952
2952 2953
2959 2960
2961 2962
2969 2970
2976 2977
2978 2979
2982 2983
2983 2984
2985 2986
2990 2991
2990 2992
2995 2996
3000 3001
3002 3003
3004 3005
3007 3008
3009 3010
3013 3014
3013 3015
3016 3017
3019 3020
3021 3022
